 0 8.62E-15  0 9.05E-14  0 7.66E-15  0 6.50E-15  0  40   0     0 0    0   0    0  
 1 1.22E-14  1 1.26E-13  1 1.17E-14  1 7.74E-15  1  50   1   -16 1  -96   1   22  
 2 2.16E-14  2 2.06E-13  2 2.21E-14  2 1.31E-14  2  74   2   -32 2 -239   2   45  
 3 2.75E-14  3 2.44E-13  3 2.86E-14  3 1.75E-14  3  85   3   -48 3 -335   3   68  
 4 4.88E-14  4 4.20E-13  4 5.18E-14  4 3.52E-14  4 138   4   -65 9 -999   4   91  
 5 5.34E-14  5 4.58E-13  5 5.68E-14  5 3.94E-14  5 149   5   -81 9 -999   5  114  
 6 6.54E-14  6 5.37E-13  6 6.97E-14  6 4.83E-14  6 174   6   -97 9 -999   6  137  
 7 7.31E-14  7 5.73E-13  7 7.79E-14  7 5.31E-14  7 184   7  -114 9 -999   7  159  
 8 1.84E-13  8 1.12E-12  8 1.94E-13  8 1.64E-13  8 347   8  -130 9 -999   8  182  
 9 1.94E-13  9 1.16E-12  9 2.04E-13  9 1.74E-13  9 358   9  -146 9 -999   9  205  
10 2.19E-13 10 1.24E-12 10 2.30E-13 10 2.01E-13 10 383  10  -162 9 -999  10  228  
11 2.23E-13 11 1.28E-12 11 2.41E-13 11 2.12E-13 11 394  11  -179 9 -999  11  251  
12 2.92E-13 12 1.45E-12 12 3.12E-13 12 2.77E-13 12 447  12  -195 9 -999  12  274  
13 3.06E-13 13 1.49E-12 13 3.27E-13 13 2.92E-13 13 458  13  -211 9 -999  13  297  
14 3.44E-13 14 1.57E-12 14 3.67E-13 14 3.31E-13 14 483  14  -228 9 -999  14  319  
15 3.61E-13 15 1.61E-12 15 3.85E-13 15 3.48E-13 15 494  15  -244 9 -999  15  342  
99 9.99E-99 99 9.99E-99 99 9.99E-99 99 9.99E-99 99 -99  16  -260 9 -999  16  365  
99 9.99E-99 99 9.99E-99 99 9.99E-99 99 9.99E-99 99 -99  17  -276 9 -999  17  388  
99 9.99E-99 99 9.99E-99 99 9.99E-99 99 9.99E-99 99 -99  18  -293 9 -999  18  411  
99 9.99E-99 99 9.99E-99 99 9.99E-99 99 9.99E-99 99 -99  19  -309 9 -999  19  434  
99 9.99E-99 99 9.99E-99 99 9.99E-99 99 9.99E-99 99 -99  20  -325 9 -999  20  457  
99 9.99E-99 99 9.99E-99 99 9.99E-99 99 9.99E-99 99 -99  21  -342 9 -999  21  479  
99 9.99E-99 99 9.99E-99 99 9.99E-99 99 9.99E-99 99 -99  22  -358 9 -999  22  502  
99 9.99E-99 99 9.99E-99 99 9.99E-99 99 9.99E-99 99 -99  23  -374 9 -999  23  525  
99 9.99E-99 99 9.99E-99 99 9.99E-99 99 9.99E-99 99 -99  24  -391 9 -999  24  548  
99 9.99E-99 99 9.99E-99 99 9.99E-99 99 9.99E-99 99 -99  25  -407 9 -999  25  571  
99 9.99E-99 99 9.99E-99 99 9.99E-99 99 9.99E-99 99 -99  26  -423 9 -999  26  594  
99 9.99E-99 99 9.99E-99 99 9.99E-99 99 9.99E-99 99 -99  27  -439 9 -999  27  616  
99 9.99E-99 99 9.99E-99 99 9.99E-99 99 9.99E-99 99 -99  28  -456 9 -999  28  639  
99 9.99E-99 99 9.99E-99 99 9.99E-99 99 9.99E-99 99 -99  29  -472 9 -999  29  662  
99 9.99E-99 99 9.99E-99 99 9.99E-99 99 9.99E-99 99 -99  30  -488 9 -999  30  685  
99 9.99E-99 99 9.99E-99 99 9.99E-99 99 9.99E-99 99 -99  31  -505 9 -999  31  708  
99 9.99E-99 99 9.99E-99 99 9.99E-99 99 9.99E-99 99 -99  32  -521 9 -999  32  731  
99 9.99E-99 99 9.99E-99 99 9.99E-99 99 9.99E-99 99 -99  33  -537 9 -999  33  754  
99 9.99E-99 99 9.99E-99 99 9.99E-99 99 9.99E-99 99 -99  34  -553 9 -999  34  776  
99 9.99E-99 99 9.99E-99 99 9.99E-99 99 9.99E-99 99 -99  35  -570 9 -999  35  799  
99 9.99E-99 99 9.99E-99 99 9.99E-99 99 9.99E-99 99 -99  36  -586 9 -999  36  822  
99 9.99E-99 99 9.99E-99 99 9.99E-99 99 9.99E-99 99 -99  37  -602 9 -999  37  845  
99 9.99E-99 99 9.99E-99 99 9.99E-99 99 9.99E-99 99 -99  38  -619 9 -999  38  868  
99 9.99E-99 99 9.99E-99 99 9.99E-99 99 9.99E-99 99 -99  39  -635 9 -999  39  891  
99 9.99E-99 99 9.99E-99 99 9.99E-99 99 9.99E-99 99 -99  40  -651 9 -999  40  914  
99 9.99E-99 99 9.99E-99 99 9.99E-99 99 9.99E-99 99 -99  41  -667 9 -999  41  936  
99 9.99E-99 99 9.99E-99 99 9.99E-99 99 9.99E-99 99 -99  42  -684 9 -999  42  959  
99 9.99E-99 99 9.99E-99 99 9.99E-99 99 9.99E-99 99 -99  43  -700 9 -999  43  982  
99 9.99E-99 99 9.99E-99 99 9.99E-99 99 9.99E-99 99 -99  44  -716 9 -999  44 1005  
99 9.99E-99 99 9.99E-99 99 9.99E-99 99 9.99E-99 99 -99  45  -733 9 -999  45 1028  
99 9.99E-99 99 9.99E-99 99 9.99E-99 99 9.99E-99 99 -99  46  -749 9 -999  46 1051  
99 9.99E-99 99 9.99E-99 99 9.99E-99 99 9.99E-99 99 -99  47  -765 9 -999  47 1073  
99 9.99E-99 99 9.99E-99 99 9.99E-99 99 9.99E-99 99 -99  48  -782 9 -999  48 1096  
99 9.99E-99 99 9.99E-99 99 9.99E-99 99 9.99E-99 99 -99  49  -798 9 -999  49 1119  
99 9.99E-99 99 9.99E-99 99 9.99E-99 99 9.99E-99 99 -99  50  -814 9 -999  50 1142  
99 9.99E-99 99 9.99E-99 99 9.99E-99 99 9.99E-99 99 -99  51  -830 9 -999  51 1165  
99 9.99E-99 99 9.99E-99 99 9.99E-99 99 9.99E-99 99 -99  52  -847 9 -999  52 1188  
99 9.99E-99 99 9.99E-99 99 9.99E-99 99 9.99E-99 99 -99  53  -863 9 -999  53 1211  
99 9.99E-99 99 9.99E-99 99 9.99E-99 99 9.99E-99 99 -99  54  -879 9 -999  54 1233  
99 9.99E-99 99 9.99E-99 99 9.99E-99 99 9.99E-99 99 -99  55  -896 9 -999  55 1256  
99 9.99E-99 99 9.99E-99 99 9.99E-99 99 9.99E-99 99 -99  56  -912 9 -999  56 1279  
99 9.99E-99 99 9.99E-99 99 9.99E-99 99 9.99E-99 99 -99  57  -928 9 -999  57 1302  
99 9.99E-99 99 9.99E-99 99 9.99E-99 99 9.99E-99 99 -99  58  -944 9 -999  58 1325  
99 9.99E-99 99 9.99E-99 99 9.99E-99 99 9.99E-99 99 -99  59  -961 9 -999  59 1348  
99 9.99E-99 99 9.99E-99 99 9.99E-99 99 9.99E-99 99 -99  60  -977 9 -999  60 1371  
99 9.99E-99 99 9.99E-99 99 9.99E-99 99 9.99E-99 99 -99  61  -993 9 -999  61 1393  
99 9.99E-99 99 9.99E-99 99 9.99E-99 99 9.99E-99 99 -99  62 -1010 9 -999  62 1416  
99 9.99E-99 99 9.99E-99 99 9.99E-99 99 9.99E-99 99 -99  63 -1026 9 -999  63 1439  
99 9.99E-99 99 9.99E-99 99 9.99E-99 99 9.99E-99 99 -99  64 -1042 9 -999  64 1462  
99 9.99E-99 99 9.99E-99 99 9.99E-99 99 9.99E-99 99 -99  65 -1058 9 -999  65 1485  
99 9.99E-99 99 9.99E-99 99 9.99E-99 99 9.99E-99 99 -99  66 -1075 9 -999  66 1508  
99 9.99E-99 99 9.99E-99 99 9.99E-99 99 9.99E-99 99 -99  67 -1091 9 -999  67 1530  
99 9.99E-99 99 9.99E-99 99 9.99E-99 99 9.99E-99 99 -99  68 -1107 9 -999  68 1553  
99 9.99E-99 99 9.99E-99 99 9.99E-99 99 9.99E-99 99 -99  69 -1124 9 -999  69 1576  
99 9.99E-99 99 9.99E-99 99 9.99E-99 99 9.99E-99 99 -99  70 -1140 9 -999  70 1599  
99 9.99E-99 99 9.99E-99 99 9.99E-99 99 9.99E-99 99 -99  71 -1156 9 -999  71 1622  
99 9.99E-99 99 9.99E-99 99 9.99E-99 99 9.99E-99 99 -99  72 -1173 9 -999  72 1645  
99 9.99E-99 99 9.99E-99 99 9.99E-99 99 9.99E-99 99 -99  73 -1189 9 -999  73 1668  
99 9.99E-99 99 9.99E-99 99 9.99E-99 99 9.99E-99 99 -99  74 -1205 9 -999  74 1690  
99 9.99E-99 99 9.99E-99 99 9.99E-99 99 9.99E-99 99 -99  75 -1221 9 -999  75 1713  
99 9.99E-99 99 9.99E-99 99 9.99E-99 99 9.99E-99 99 -99  76 -1238 9 -999  76 1736  
99 9.99E-99 99 9.99E-99 99 9.99E-99 99 9.99E-99 99 -99  77 -1254 9 -999  77 1759  
99 9.99E-99 99 9.99E-99 99 9.99E-99 99 9.99E-99 99 -99  78 -1270 9 -999  78 1782  
99 9.99E-99 99 9.99E-99 99 9.99E-99 99 9.99E-99 99 -99  79 -1287 9 -999  79 1805  
99 9.99E-99 99 9.99E-99 99 9.99E-99 99 9.99E-99 99 -99  80 -1303 9 -999  80 1828  
99 9.99E-99 99 9.99E-99 99 9.99E-99 99 9.99E-99 99 -99  81 -1319 9 -999  81 1850  
99 9.99E-99 99 9.99E-99 99 9.99E-99 99 9.99E-99 99 -99  82 -1335 9 -999  82 1873  
99 9.99E-99 99 9.99E-99 99 9.99E-99 99 9.99E-99 99 -99  83 -1352 9 -999  83 1896  
99 9.99E-99 99 9.99E-99 99 9.99E-99 99 9.99E-99 99 -99  84 -1368 9 -999  84 1919  
99 9.99E-99 99 9.99E-99 99 9.99E-99 99 9.99E-99 99 -99  85 -1384 9 -999  85 1942  
99 9.99E-99 99 9.99E-99 99 9.99E-99 99 9.99E-99 99 -99  86 -1401 9 -999  86 1965  
99 9.99E-99 99 9.99E-99 99 9.99E-99 99 9.99E-99 99 -99  87 -1417 9 -999  87 1987  
99 9.99E-99 99 9.99E-99 99 9.99E-99 99 9.99E-99 99 -99  88 -1433 9 -999  88 2010  
99 9.99E-99 99 9.99E-99 99 9.99E-99 99 9.99E-99 99 -99  89 -1449 9 -999  89 2033  
99 9.99E-99 99 9.99E-99 99 9.99E-99 99 9.99E-99 99 -99  90 -1466 9 -999  90 2056  
99 9.99E-99 99 9.99E-99 99 9.99E-99 99 9.99E-99 99 -99  91 -1482 9 -999  91 2079  
99 9.99E-99 99 9.99E-99 99 9.99E-99 99 9.99E-99 99 -99  92 -1498 9 -999  92 2102  
99 9.99E-99 99 9.99E-99 99 9.99E-99 99 9.99E-99 99 -99  93 -1515 9 -999  93 2125  
99 9.99E-99 99 9.99E-99 99 9.99E-99 99 9.99E-99 99 -99  94 -1531 9 -999  94 2147  
99 9.99E-99 99 9.99E-99 99 9.99E-99 99 9.99E-99 99 -99  95 -1547 9 -999  95 2170  
99 9.99E-99 99 9.99E-99 99 9.99E-99 99 9.99E-99 99 -99  96 -1564 9 -999  96 2193  
99 9.99E-99 99 9.99E-99 99 9.99E-99 99 9.99E-99 99 -99  97 -1580 9 -999  97 2216  
99 9.99E-99 99 9.99E-99 99 9.99E-99 99 9.99E-99 99 -99  98 -1596 9 -999  98 2239  
99 9.99E-99 99 9.99E-99 99 9.99E-99 99 9.99E-99 99 -99  99 -1612 9 -999  99 2262  
99 9.99E-99 99 9.99E-99 99 9.99E-99 99 9.99E-99 99 -99 100 -1629 9 -999 100 2285  
99 9.99E-99 99 9.99E-99 99 9.99E-99 99 9.99E-99 99 -99 101 -1645 9 -999 101 2307  
99 9.99E-99 99 9.99E-99 99 9.99E-99 99 9.99E-99 99 -99 102 -1661 9 -999 102 2330  
99 9.99E-99 99 9.99E-99 99 9.99E-99 99 9.99E-99 99 -99 103 -1678 9 -999 103 2353  
99 9.99E-99 99 9.99E-99 99 9.99E-99 99 9.99E-99 99 -99 104 -1694 9 -999 104 2376  
99 9.99E-99 99 9.99E-99 99 9.99E-99 99 9.99E-99 99 -99 105 -1710 9 -999 105 2399  
99 9.99E-99 99 9.99E-99 99 9.99E-99 99 9.99E-99 99 -99 106 -1726 9 -999 106 2422  
99 9.99E-99 99 9.99E-99 99 9.99E-99 99 9.99E-99 99 -99 107 -1743 9 -999 107 2444  
99 9.99E-99 99 9.99E-99 99 9.99E-99 99 9.99E-99 99 -99 108 -1759 9 -999 108 2467  
99 9.99E-99 99 9.99E-99 99 9.99E-99 99 9.99E-99 99 -99 109 -1775 9 -999 109 2490  
99 9.99E-99 99 9.99E-99 99 9.99E-99 99 9.99E-99 99 -99 110 -1792 9 -999 110 2513  
99 9.99E-99 99 9.99E-99 99 9.99E-99 99 9.99E-99 99 -99 111 -1808 9 -999 111 2536  
99 9.99E-99 99 9.99E-99 99 9.99E-99 99 9.99E-99 99 -99 112 -1824 9 -999 112 2559  
99 9.99E-99 99 9.99E-99 99 9.99E-99 99 9.99E-99 99 -99 113 -1840 9 -999 113 2582  
99 9.99E-99 99 9.99E-99 99 9.99E-99 99 9.99E-99 99 -99 114 -1857 9 -999 114 2604  
99 9.99E-99 99 9.99E-99 99 9.99E-99 99 9.99E-99 99 -99 115 -1873 9 -999 115 2627  
99 9.99E-99 99 9.99E-99 99 9.99E-99 99 9.99E-99 99 -99 116 -1889 9 -999 116 2650  
99 9.99E-99 99 9.99E-99 99 9.99E-99 99 9.99E-99 99 -99 117 -1906 9 -999 117 2673  
99 9.99E-99 99 9.99E-99 99 9.99E-99 99 9.99E-99 99 -99 118 -1922 9 -999 118 2696  
99 9.99E-99 99 9.99E-99 99 9.99E-99 99 9.99E-99 99 -99 119 -1938 9 -999 119 2719  
99 9.99E-99 99 9.99E-99 99 9.99E-99 99 9.99E-99 99 -99 120 -1955 9 -999 120 2742  
99 9.99E-99 99 9.99E-99 99 9.99E-99 99 9.99E-99 99 -99 121 -1971 9 -999 121 2764  
99 9.99E-99 99 9.99E-99 99 9.99E-99 99 9.99E-99 99 -99 122 -1987 9 -999 122 2787  
99 9.99E-99 99 9.99E-99 99 9.99E-99 99 9.99E-99 99 -99 123 -2003 9 -999 123 2810  
99 9.99E-99 99 9.99E-99 99 9.99E-99 99 9.99E-99 99 -99 124 -2020 9 -999 124 2833  
99 9.99E-99 99 9.99E-99 99 9.99E-99 99 9.99E-99 99 -99 125 -2036 9 -999 125 2856  
99 9.99E-99 99 9.99E-99 99 9.99E-99 99 9.99E-99 99 -99 126 -2052 9 -999 126 2879  
99 9.99E-99 99 9.99E-99 99 9.99E-99 99 9.99E-99 99 -99 127 -2069 9 -999 127 2901  
99 9.99E-99 99 9.99E-99 99 9.99E-99 99 9.99E-99 99 -99 128 -2085 9 -999 128 2924  
99 9.99E-99 99 9.99E-99 99 9.99E-99 99 9.99E-99 99 -99 129 -2101 9 -999 129 2947  
99 9.99E-99 99 9.99E-99 99 9.99E-99 99 9.99E-99 99 -99 130 -2117 9 -999 130 2970  
99 9.99E-99 99 9.99E-99 99 9.99E-99 99 9.99E-99 99 -99 131 -2134 9 -999 131 2993  
99 9.99E-99 99 9.99E-99 99 9.99E-99 99 9.99E-99 99 -99 132 -2150 9 -999 132 3016  
99 9.99E-99 99 9.99E-99 99 9.99E-99 99 9.99E-99 99 -99 133 -2166 9 -999 133 3039  
99 9.99E-99 99 9.99E-99 99 9.99E-99 99 9.99E-99 99 -99 134 -2183 9 -999 134 3061  
99 9.99E-99 99 9.99E-99 99 9.99E-99 99 9.99E-99 99 -99 135 -2199 9 -999 135 3084  
99 9.99E-99 99 9.99E-99 99 9.99E-99 99 9.99E-99 99 -99 136 -2215 9 -999 136 3107  
99 9.99E-99 99 9.99E-99 99 9.99E-99 99 9.99E-99 99 -99 137 -2232 9 -999 137 3130  
99 9.99E-99 99 9.99E-99 99 9.99E-99 99 9.99E-99 99 -99 138 -2248 9 -999 138 3153  
99 9.99E-99 99 9.99E-99 99 9.99E-99 99 9.99E-99 99 -99 139 -2264 9 -999 139 3176  
99 9.99E-99 99 9.99E-99 99 9.99E-99 99 9.99E-99 99 -99 140 -2280 9 -999 140 3199  
99 9.99E-99 99 9.99E-99 99 9.99E-99 99 9.99E-99 99 -99 141 -2297 9 -999 141 3221  
99 9.99E-99 99 9.99E-99 99 9.99E-99 99 9.99E-99 99 -99 142 -2313 9 -999 142 3244  
99 9.99E-99 99 9.99E-99 99 9.99E-99 99 9.99E-99 99 -99 143 -2329 9 -999 143 3267  
99 9.99E-99 99 9.99E-99 99 9.99E-99 99 9.99E-99 99 -99 144 -2346 9 -999 144 3290  
99 9.99E-99 99 9.99E-99 99 9.99E-99 99 9.99E-99 99 -99 145 -2362 9 -999 145 3313  
99 9.99E-99 99 9.99E-99 99 9.99E-99 99 9.99E-99 99 -99 146 -2378 9 -999 146 3336  
99 9.99E-99 99 9.99E-99 99 9.99E-99 99 9.99E-99 99 -99 147 -2394 9 -999 147 3358  
99 9.99E-99 99 9.99E-99 99 9.99E-99 99 9.99E-99 99 -99 148 -2411 9 -999 148 3381  
99 9.99E-99 99 9.99E-99 99 9.99E-99 99 9.99E-99 99 -99 149 -2427 9 -999 149 3404  
99 9.99E-99 99 9.99E-99 99 9.99E-99 99 9.99E-99 99 -99 150 -2443 9 -999 150 3427  
99 9.99E-99 99 9.99E-99 99 9.99E-99 99 9.99E-99 99 -99 151 -2460 9 -999 151 3450  
99 9.99E-99 99 9.99E-99 99 9.99E-99 99 9.99E-99 99 -99 152 -2476 9 -999 152 3473  
99 9.99E-99 99 9.99E-99 99 9.99E-99 99 9.99E-99 99 -99 153 -2492 9 -999 153 3496  
99 9.99E-99 99 9.99E-99 99 9.99E-99 99 9.99E-99 99 -99 154 -2508 9 -999 154 3518  
99 9.99E-99 99 9.99E-99 99 9.99E-99 99 9.99E-99 99 -99 155 -2525 9 -999 155 3541  
99 9.99E-99 99 9.99E-99 99 9.99E-99 99 9.99E-99 99 -99 156 -2541 9 -999 156 3564  
99 9.99E-99 99 9.99E-99 99 9.99E-99 99 9.99E-99 99 -99 157 -2557 9 -999 157 3587  
99 9.99E-99 99 9.99E-99 99 9.99E-99 99 9.99E-99 99 -99 158 -2574 9 -999 158 3610  
99 9.99E-99 99 9.99E-99 99 9.99E-99 99 9.99E-99 99 -99 159 -2590 9 -999 159 3633  
99 9.99E-99 99 9.99E-99 99 9.99E-99 99 9.99E-99 99 -99 160 -2606 9 -999 160 3656  
99 9.99E-99 99 9.99E-99 99 9.99E-99 99 9.99E-99 99 -99 161 -2623 9 -999 161 3678  
99 9.99E-99 99 9.99E-99 99 9.99E-99 99 9.99E-99 99 -99 162 -2639 9 -999 162 3701  
99 9.99E-99 99 9.99E-99 99 9.99E-99 99 9.99E-99 99 -99 163 -2655 9 -999 163 3724  
99 9.99E-99 99 9.99E-99 99 9.99E-99 99 9.99E-99 99 -99 164 -2671 9 -999 164 3747  
99 9.99E-99 99 9.99E-99 99 9.99E-99 99 9.99E-99 99 -99 165 -2688 9 -999 165 3770  
99 9.99E-99 99 9.99E-99 99 9.99E-99 99 9.99E-99 99 -99 166 -2704 9 -999 166 3793  
99 9.99E-99 99 9.99E-99 99 9.99E-99 99 9.99E-99 99 -99 167 -2720 9 -999 167 3815  
99 9.99E-99 99 9.99E-99 99 9.99E-99 99 9.99E-99 99 -99 168 -2737 9 -999 168 3838  
99 9.99E-99 99 9.99E-99 99 9.99E-99 99 9.99E-99 99 -99 169 -2753 9 -999 169 3861  
99 9.99E-99 99 9.99E-99 99 9.99E-99 99 9.99E-99 99 -99 170 -2769 9 -999 170 3884  
99 9.99E-99 99 9.99E-99 99 9.99E-99 99 9.99E-99 99 -99 171 -2785 9 -999 171 3907  
99 9.99E-99 99 9.99E-99 99 9.99E-99 99 9.99E-99 99 -99 172 -2802 9 -999 172 3930  
99 9.99E-99 99 9.99E-99 99 9.99E-99 99 9.99E-99 99 -99 173 -2818 9 -999 173 3953  
99 9.99E-99 99 9.99E-99 99 9.99E-99 99 9.99E-99 99 -99 174 -2834 9 -999 174 3975  
99 9.99E-99 99 9.99E-99 99 9.99E-99 99 9.99E-99 99 -99 175 -2851 9 -999 175 3998  
99 9.99E-99 99 9.99E-99 99 9.99E-99 99 9.99E-99 99 -99 176 -2867 9 -999 176 4021  
99 9.99E-99 99 9.99E-99 99 9.99E-99 99 9.99E-99 99 -99 177 -2883 9 -999 177 4044  
99 9.99E-99 99 9.99E-99 99 9.99E-99 99 9.99E-99 99 -99 178 -2899 9 -999 178 4067  
99 9.99E-99 99 9.99E-99 99 9.99E-99 99 9.99E-99 99 -99 179 -2916 9 -999 179 4090  
99 9.99E-99 99 9.99E-99 99 9.99E-99 99 9.99E-99 99 -99 180 -2932 9 -999 180 4113  
99 9.99E-99 99 9.99E-99 99 9.99E-99 99 9.99E-99 99 -99 181 -2948 9 -999 181 4135  
99 9.99E-99 99 9.99E-99 99 9.99E-99 99 9.99E-99 99 -99 182 -2965 9 -999 182 4158  
99 9.99E-99 99 9.99E-99 99 9.99E-99 99 9.99E-99 99 -99 183 -2981 9 -999 183 4181  
99 9.99E-99 99 9.99E-99 99 9.99E-99 99 9.99E-99 99 -99 184 -2997 9 -999 184 4204  
99 9.99E-99 99 9.99E-99 99 9.99E-99 99 9.99E-99 99 -99 185 -3014 9 -999 185 4227  
99 9.99E-99 99 9.99E-99 99 9.99E-99 99 9.99E-99 99 -99 186 -3030 9 -999 186 4250  
99 9.99E-99 99 9.99E-99 99 9.99E-99 99 9.99E-99 99 -99 187 -3046 9 -999 187 4272  
99 9.99E-99 99 9.99E-99 99 9.99E-99 99 9.99E-99 99 -99 188 -3062 9 -999 188 4295  
99 9.99E-99 99 9.99E-99 99 9.99E-99 99 9.99E-99 99 -99 189 -3079 9 -999 189 4318  
99 9.99E-99 99 9.99E-99 99 9.99E-99 99 9.99E-99 99 -99 190 -3095 9 -999 190 4341  
99 9.99E-99 99 9.99E-99 99 9.99E-99 99 9.99E-99 99 -99 191 -3111 9 -999 191 4364  
99 9.99E-99 99 9.99E-99 99 9.99E-99 99 9.99E-99 99 -99 192 -3128 9 -999 192 4387  
99 9.99E-99 99 9.99E-99 99 9.99E-99 99 9.99E-99 99 -99 193 -3144 9 -999 193 4410  
99 9.99E-99 99 9.99E-99 99 9.99E-99 99 9.99E-99 99 -99 194 -3160 9 -999 194 4432  
99 9.99E-99 99 9.99E-99 99 9.99E-99 99 9.99E-99 99 -99 195 -3176 9 -999 195 4455  
99 9.99E-99 99 9.99E-99 99 9.99E-99 99 9.99E-99 99 -99 196 -3193 9 -999 196 4478  
99 9.99E-99 99 9.99E-99 99 9.99E-99 99 9.99E-99 99 -99 197 -3209 9 -999 197 4501  
99 9.99E-99 99 9.99E-99 99 9.99E-99 99 9.99E-99 99 -99 198 -3225 9 -999 198 4524  
99 9.99E-99 99 9.99E-99 99 9.99E-99 99 9.99E-99 99 -99 199 -3242 9 -999 199 4547  
99 9.99E-99 99 9.99E-99 99 9.99E-99 99 9.99E-99 99 -99 200 -3258 9 -999 200 4570  
99 9.99E-99 99 9.99E-99 99 9.99E-99 99 9.99E-99 99 -99 201 -3274 9 -999 201 4592  
99 9.99E-99 99 9.99E-99 99 9.99E-99 99 9.99E-99 99 -99 202 -3290 9 -999 202 4615  
99 9.99E-99 99 9.99E-99 99 9.99E-99 99 9.99E-99 99 -99 203 -3307 9 -999 203 4638  
99 9.99E-99 99 9.99E-99 99 9.99E-99 99 9.99E-99 99 -99 204 -3323 9 -999 204 4661  
99 9.99E-99 99 9.99E-99 99 9.99E-99 99 9.99E-99 99 -99 205 -3339 9 -999 205 4684  
99 9.99E-99 99 9.99E-99 99 9.99E-99 99 9.99E-99 99 -99 206 -3356 9 -999 206 4707  
99 9.99E-99 99 9.99E-99 99 9.99E-99 99 9.99E-99 99 -99 207 -3372 9 -999 207 4729  
99 9.99E-99 99 9.99E-99 99 9.99E-99 99 9.99E-99 99 -99 208 -3388 9 -999 208 4752  
99 9.99E-99 99 9.99E-99 99 9.99E-99 99 9.99E-99 99 -99 209 -3405 9 -999 209 4775  
99 9.99E-99 99 9.99E-99 99 9.99E-99 99 9.99E-99 99 -99 210 -3421 9 -999 210 4798  
99 9.99E-99 99 9.99E-99 99 9.99E-99 99 9.99E-99 99 -99 211 -3437 9 -999 211 4821  
99 9.99E-99 99 9.99E-99 99 9.99E-99 99 9.99E-99 99 -99 212 -3453 9 -999 212 4844  
99 9.99E-99 99 9.99E-99 99 9.99E-99 99 9.99E-99 99 -99 213 -3470 9 -999 213 4867  
99 9.99E-99 99 9.99E-99 99 9.99E-99 99 9.99E-99 99 -99 214 -3486 9 -999 214 4889  
99 9.99E-99 99 9.99E-99 99 9.99E-99 99 9.99E-99 99 -99 215 -3502 9 -999 215 4912  
99 9.99E-99 99 9.99E-99 99 9.99E-99 99 9.99E-99 99 -99 216 -3519 9 -999 216 4935  
99 9.99E-99 99 9.99E-99 99 9.99E-99 99 9.99E-99 99 -99 217 -3535 9 -999 217 4958  
99 9.99E-99 99 9.99E-99 99 9.99E-99 99 9.99E-99 99 -99 218 -3551 9 -999 218 4981  
99 9.99E-99 99 9.99E-99 99 9.99E-99 99 9.99E-99 99 -99 219 -3567 9 -999 219 5004  
99 9.99E-99 99 9.99E-99 99 9.99E-99 99 9.99E-99 99 -99 220 -3584 9 -999 220 5027  
99 9.99E-99 99 9.99E-99 99 9.99E-99 99 9.99E-99 99 -99 221 -3600 9 -999 221 5049  
99 9.99E-99 99 9.99E-99 99 9.99E-99 99 9.99E-99 99 -99 222 -3616 9 -999 222 5072  
99 9.99E-99 99 9.99E-99 99 9.99E-99 99 9.99E-99 99 -99 223 -3633 9 -999 223 5095  
99 9.99E-99 99 9.99E-99 99 9.99E-99 99 9.99E-99 99 -99 224 -3649 9 -999 224 5118  
99 9.99E-99 99 9.99E-99 99 9.99E-99 99 9.99E-99 99 -99 225 -3665 9 -999 225 5141  
99 9.99E-99 99 9.99E-99 99 9.99E-99 99 9.99E-99 99 -99 226 -3681 9 -999 226 5164  
99 9.99E-99 99 9.99E-99 99 9.99E-99 99 9.99E-99 99 -99 227 -3698 9 -999 227 5186  
99 9.99E-99 99 9.99E-99 99 9.99E-99 99 9.99E-99 99 -99 228 -3714 9 -999 228 5209  
99 9.99E-99 99 9.99E-99 99 9.99E-99 99 9.99E-99 99 -99 229 -3730 9 -999 229 5232  
99 9.99E-99 99 9.99E-99 99 9.99E-99 99 9.99E-99 99 -99 230 -3747 9 -999 230 5255  
99 9.99E-99 99 9.99E-99 99 9.99E-99 99 9.99E-99 99 -99 231 -3763 9 -999 231 5278  
99 9.99E-99 99 9.99E-99 99 9.99E-99 99 9.99E-99 99 -99 232 -3779 9 -999 232 5301  
99 9.99E-99 99 9.99E-99 99 9.99E-99 99 9.99E-99 99 -99 233 -3796 9 -999 233 5324  
99 9.99E-99 99 9.99E-99 99 9.99E-99 99 9.99E-99 99 -99 234 -3812 9 -999 234 5346  
99 9.99E-99 99 9.99E-99 99 9.99E-99 99 9.99E-99 99 -99 235 -3828 9 -999 235 5369  
99 9.99E-99 99 9.99E-99 99 9.99E-99 99 9.99E-99 99 -99 236 -3844 9 -999 236 5392  
99 9.99E-99 99 9.99E-99 99 9.99E-99 99 9.99E-99 99 -99 237 -3861 9 -999 237 5415  
99 9.99E-99 99 9.99E-99 99 9.99E-99 99 9.99E-99 99 -99 238 -3877 9 -999 238 5438  
99 9.99E-99 99 9.99E-99 99 9.99E-99 99 9.99E-99 99 -99 239 -3893 9 -999 239 5461  
99 9.99E-99 99 9.99E-99 99 9.99E-99 99 9.99E-99 99 -99 240 -3910 9 -999 240 5484  
99 9.99E-99 99 9.99E-99 99 9.99E-99 99 9.99E-99 99 -99 241 -3926 9 -999 241 5506  
99 9.99E-99 99 9.99E-99 99 9.99E-99 99 9.99E-99 99 -99 242 -3942 9 -999 242 5529  
99 9.99E-99 99 9.99E-99 99 9.99E-99 99 9.99E-99 99 -99 243 -3958 9 -999 243 5552  
99 9.99E-99 99 9.99E-99 99 9.99E-99 99 9.99E-99 99 -99 244 -3975 9 -999 244 5575  
99 9.99E-99 99 9.99E-99 99 9.99E-99 99 9.99E-99 99 -99 245 -3991 9 -999 245 5598  
99 9.99E-99 99 9.99E-99 99 9.99E-99 99 9.99E-99 99 -99 246 -4007 9 -999 246 5621  
99 9.99E-99 99 9.99E-99 99 9.99E-99 99 9.99E-99 99 -99 247 -4024 9 -999 247 5643  
99 9.99E-99 99 9.99E-99 99 9.99E-99 99 9.99E-99 99 -99 248 -4040 9 -999 248 5666  
99 9.99E-99 99 9.99E-99 99 9.99E-99 99 9.99E-99 99 -99 249 -4056 9 -999 249 5689  
99 9.99E-99 99 9.99E-99 99 9.99E-99 99 9.99E-99 99 -99 250 -4073 9 -999 250 5712  
99 9.99E-99 99 9.99E-99 99 9.99E-99 99 9.99E-99 99 -99 251 -4089 9 -999 251 5735  
99 9.99E-99 99 9.99E-99 99 9.99E-99 99 9.99E-99 99 -99 252 -4105 9 -999 252 5758  
99 9.99E-99 99 9.99E-99 99 9.99E-99 99 9.99E-99 99 -99 253 -4121 9 -999 253 5781  
99 9.99E-99 99 9.99E-99 99 9.99E-99 99 9.99E-99 99 -99 254 -4138 9 -999 254 5803  
99 9.99E-99 99 9.99E-99 99 9.99E-99 99 9.99E-99 99 -99 255 -4154 9 -999 255 5826  
