  0.00     -0.17 
  0.02     -0.52 
  0.04      0.00 
  0.06     -0.35 
  0.08      0.17 
  0.10      2.79 
  0.12     -0.17 
  0.14      2.79 
  0.16     -0.17 
  0.18      0.35 
  0.20      1.05 
  0.22      0.87 
  0.24      0.87 
  0.26      0.00 
  0.28      0.52 
  0.30      0.35 
  0.32      0.17 
  0.34      0.52 
  0.36      0.70 
  0.38      0.00 
  0.40      0.00 
  0.42      0.17 
  0.44      0.52 
  0.46     -0.17 
  0.48      0.52 
  0.50      0.70 
  0.52     -0.17 
  0.54      0.35 
  0.56      0.35 
  0.58      0.52 
  0.60      0.52 
  0.62      0.00 
  0.64      0.35 
  0.66      0.17 
  0.68      1.05 
  0.70      0.70 
  0.72      0.17 
  0.74      0.70 
  0.76      0.35 
  0.78      0.70 
  0.80      0.70 
  0.82      0.70 
  0.84      0.52 
  0.86      0.52 
  0.88      0.87 
  0.90      0.70 
  0.92      0.87 
  0.94      0.70 
  0.96      0.70 
  0.98      0.52 
  1.00      0.70 
  1.02      0.52 
  1.04      1.40 
  1.06      0.52 
  1.08      1.22 
  1.10      0.70 
  1.12      0.70 
  1.14      0.87 
  1.16      0.17 
  1.18      0.70 
  1.20      0.70 
  1.22      0.35 
  1.24      0.70 
  1.26      0.35 
  1.28      0.35 
  1.30      0.35 
  1.32      0.35 
  1.34      0.52 
  1.36      1.22 
  1.38      1.75 
  1.40      0.70 
  1.42      0.17 
  1.44      0.70 
  1.46      0.87 
  1.48      1.22 
  1.50      0.52 
  1.52     -0.17 
  1.54      0.70 
  1.56      0.35 
  1.58      0.70 
  1.60      0.52 
  1.62     -0.17 
  1.64      0.70 
  1.66      0.52 
  1.68      0.70 
  1.70      0.17 
  1.72      0.00 
  1.74      0.70 
  1.76      0.52 
  1.78      0.87 
  1.80      0.87 
  1.82      0.35 
  1.84      0.52 
  1.86      0.35 
  1.88      1.05 
  1.90      0.35 
  1.92      0.52 
  1.94      0.52 
  1.96      0.35 
  1.98      0.87 
  2.00      1.05 
  2.02      1.05 
  2.04      0.87 
  2.06      0.70 
  2.08      0.87 
  2.10      1.40 
  2.12      0.70 
  2.14      1.22 
  2.16      1.05 
  2.18      1.22 
  2.20      0.70 
  2.22      0.52 
  2.24      1.22 
  2.26      1.05 
  2.28      1.05 
  2.30      0.52 
  2.32      0.70 
  2.34      1.05 
  2.36      0.87 
  2.38      0.87 
  2.40      0.87 
  2.42      0.52 
  2.44      0.87 
  2.46      0.52 
  2.48      0.70 
  2.50      0.52 
  2.52      0.17 
  2.54      0.70 
  2.56      0.00 
  2.58      1.05 
  2.60      0.52 
  2.62      0.00 
  2.64      0.52 
  2.66      0.35 
  2.68      0.87 
  2.70      0.35 
  2.72      0.70 
  2.74      0.52 
  2.76      0.35 
  2.78      1.22 
  2.80      1.05 
  2.82      1.05 
  2.84      1.40 
  2.86      0.87 
  2.88      1.75 
  2.90      1.40 
  2.92      0.52 
  2.94      1.57 
  2.96      1.05 
  2.98      1.75 
  3.00      0.70 
  3.02      0.70 
  3.04      1.05 
  3.06      0.87 
  3.08      1.40 
  3.10      0.87 
  3.12      0.52 
  3.14      0.87 
  3.16      0.52 
  3.18      0.52 
  3.20      0.70 
  3.22      0.52 
  3.24      1.40 
  3.26      1.22 
  3.28      1.22 
  3.30      0.87 
  3.32      0.87 
  3.34      1.92 
  3.36      1.40 
  3.38      1.40 
  3.40      1.75 
  3.42      1.57 
  3.44      1.57 
  3.46      0.87 
  3.48      1.22 
  3.50      0.70 
  3.52      0.17 
  3.54      0.70 
  3.56      1.05 
  3.58      1.57 
  3.60      1.22 
  3.62      0.87 
  3.64      1.05 
  3.66      0.52 
  3.68      1.75 
  3.70      1.92 
  3.72      1.92 
  3.74      2.10 
  3.76      3.14 
  3.78      2.27 
  3.80      1.05 
  3.82      0.70 
  3.84      1.40 
  3.86      0.87 
  3.88      1.92 
  3.90      1.40 
  3.92      1.22 
  3.94      1.92 
  3.96      2.45 
  3.98      2.27 
  4.00      1.92 
  4.02      1.05 
  4.04      1.57 
  4.06      1.22 
  4.08      1.05 
  4.10      2.27 
  4.12      3.14 
  4.14      3.49 
  4.16      2.10 
  4.18      2.27 
  4.20      1.75 
  4.22      1.75 
  4.24      1.22 
  4.26      0.87 
  4.28      0.87 
  4.30      1.05 
  4.32      0.70 
  4.34      0.87 
  4.36      1.22 
  4.38      1.92 
  4.40      2.97 
  4.42      2.62 
  4.44      3.14 
  4.46      2.45 
  4.48      2.10 
  4.50      1.75 
  4.52      1.40 
  4.54      1.57 
  4.56      1.22 
  4.58      1.40 
  4.60      1.05 
  4.62      0.70 
  4.64      1.22 
  4.66      0.17 
  4.68      1.57 
  4.70      2.45 
  4.72      4.28 
  4.74      2.62 
  4.76      2.10 
  4.78      1.40 
  4.80      1.75 
  4.82      0.87 
  4.84      1.40 
  4.86      1.57 
  4.88      1.75 
  4.90      1.92 
  4.92      1.57 
  4.94      1.22 
  4.96      0.87 
  4.98      1.57 
  5.00      3.49 
  5.02      2.79 
  5.04      2.27 
  5.06      1.22 
  5.08      1.92 
  5.10      1.05 
  5.12      0.52 
  5.14      1.57 
  5.16      1.22 
  5.18      1.57 
  5.20      1.40 
  5.22      1.22 
  5.24      1.22 
  5.26      0.52 
  5.28      0.70 
  5.30      0.52 
  5.32      0.17 
  5.34      2.45 
  5.36      2.79 
  5.38      1.92 
  5.40      1.75 
  5.42      1.57 
  5.44      1.57 
  5.46      1.05 
  5.48      1.57 
  5.50      0.70 
  5.52      0.70 
  5.54      1.05 
  5.56      0.70 
  5.58      1.22 
  5.60      1.05 
  5.62      0.35 
  5.64      1.22 
  5.66      0.52 
  5.68      1.22 
  5.70      1.40 
  5.72      0.52 
  5.74      1.92 
  5.76      1.92 
  5.78      1.92 
  5.80      0.70 
  5.82      0.35 
  5.84      1.22 
  5.86      0.87 
  5.88      1.40 
  5.90      1.05 
  5.92      1.22 
  5.94      1.40 
  5.96      1.22 
  5.98      0.87 
  6.00      0.52 
  6.02      0.70 
  6.04      0.70 
  6.06      0.35 
  6.08      0.70 
  6.10      1.22 
  6.12      0.35 
  6.14      1.05 
  6.16      1.05 
  6.18      0.87 
  6.20      0.87 
  6.22      0.52 
  6.24      1.92 
  6.26      1.92 
  6.28      1.92 
  6.30      1.40 
  6.32      0.70 
  6.34      1.22 
  6.36      0.70 
  6.38      1.57 
  6.40      0.87 
  6.60      1.40 
  6.80      1.22 
  7.00      0.70 
  7.20      1.92 
  7.40      1.40 
  7.60      1.57 
  7.80      0.87 
  8.00      1.22 
  8.20      0.35 
  8.40      1.57 
  8.60      0.52 
  8.80      0.87 
  9.00      1.57 
  9.20      0.70 
  9.40      1.05 
  9.60      1.22 
  9.80      1.22 
 10.00      1.22 
 10.20      0.87 
 10.40      1.57 
 10.60      1.22 
 10.80      1.75 
 11.00      1.57 
 11.20      1.40 
 11.40      0.87 
 11.60      2.45 
 11.80      1.40 
 12.00      1.92 
 12.20      1.92 
 12.40      1.05 
 12.60      2.62 
 12.80      1.75 
 13.00      1.92 
 13.20      2.27 
 13.40      1.75 
 13.60      2.10 
 13.80      2.27 
 14.00      1.92 
 14.20      2.10 
 14.40      2.10 
 14.60      2.10 
 14.80      1.92 
 15.00      2.10 
 15.20      2.10 
 15.40      2.45 
 15.60      2.79 
 15.80      1.75 
 16.00      1.92 
 16.20      2.10 
 16.40      1.75 
 16.60      2.27 
 16.80      1.92 
 17.00      2.45 
 17.20      2.27 
 17.40      2.62 
 17.60      2.10 
 17.80      1.92 
 18.00      2.27 
 18.20      2.10 
 18.40      2.27 
 18.60      2.27 
 18.80      2.45 
 19.00      2.10 
 19.20      2.10 
 19.40      2.27 
 19.60      1.75 
 19.80      1.92 
 20.00      1.75 
 20.20      1.92 
 20.40      1.57 
 20.60      2.10 
 20.80      1.92 
 21.00      2.45 
 21.20      1.92 
 21.40      1.75 
 21.60      1.75 
 21.80      1.92 
 22.00      1.75 
 22.20      2.27 
 22.40      1.75 
 22.60      1.40 
 22.80      2.10 
 23.00      2.27 
 23.20      1.92 
 23.40      2.10 
 23.60      2.10 
 23.80      1.57 
 24.00      1.22 
 24.20      1.75 
 24.40      1.57 
 24.60      1.57 
 24.80      1.22 
 25.00      1.40 
 25.20      1.22 
 25.40      1.75 
 25.60      1.22 
 25.80      1.22 
 26.00      1.22 
 26.20      1.40 
 26.40      1.05 
 26.60      1.40 
 26.80      1.92 
 27.00      1.57 
 27.20      0.87 
 27.40      1.57 
 27.60      1.05 
 27.80      1.75 
 28.00      2.79 
 28.20      1.57 
 28.40      1.57 
 28.60      1.40 
 28.80      1.22 
 29.00      1.05 
 29.20      0.87 
 29.40      1.05 
 29.60      1.22 
 29.80      1.05 
 30.00      0.87 
 30.20      1.40 
 30.40      1.05 
 30.60      1.05 
 30.80      1.05 
 31.00      1.57 
 31.20      1.22 
 31.40      1.92 
 31.60      1.40 
 31.80      0.87 
 32.00      1.57 
 32.20      1.40 
 32.40      0.87 
 32.60      1.22 
 32.80      0.87 
 33.00      1.22 
 33.20      1.05 
 33.40      1.40 
 33.60      1.05 
 33.80      2.27 
 34.00      1.40 
 34.20      1.40 
 34.40      1.40 
 34.60      1.05 
 34.80      1.05 
 35.00      1.40 
 35.20      1.57 
 35.40      1.57 
 35.60      1.57 
 35.80      1.40 
 36.00      1.22 
 36.20      0.87 
 36.40      1.75 
 36.60      1.40 
 36.80      1.22 
 37.00      1.22 
 37.20      1.57 
 37.40      1.22 
 37.60      1.40 
 37.80      1.05 
 38.00      1.40 
 38.20      1.22 
 38.40      0.87 
 38.60      1.22 
 38.80      1.05 
 39.00      1.57 
 39.20      1.22 
 39.40      0.87 
 39.60      1.22 
 39.80      1.57 
 40.00      1.22 
 40.20      1.40 
 40.40      0.70 
 40.60      1.40 
 40.80      0.87 
 41.00      1.22 
 41.20      1.22 
 41.40      1.40 
 41.60      1.40 
 41.80      1.05 
 42.00      1.05 
 42.20      1.57 
 42.40      1.22 
 42.60      1.05 
 42.80      1.05 
 43.00      1.05 
 43.20      1.57 
 43.40      1.57 
 43.60      1.57 
 43.80      1.75 
