  0.00      0.00 
  0.02     -0.17 
  0.04     -0.17 
  0.06     -0.17 
  0.08      0.52 
  0.10      1.05 
  0.12      0.17 
  0.14      0.52 
  0.16      0.00 
  0.18      0.70 
  0.20      0.17 
  0.22      0.70 
  0.24      0.70 
  0.26      0.70 
  0.28      1.05 
  0.30      0.35 
  0.32      0.52 
  0.34      0.35 
  0.36      0.87 
  0.38      0.87 
  0.40      0.70 
  0.42      0.35 
  0.44      0.87 
  0.46      0.70 
  0.48      1.05 
  0.50      0.35 
  0.52      0.17 
  0.54      0.35 
  0.56      0.70 
  0.58      0.87 
  0.60      0.52 
  0.62      0.35 
  0.64      0.70 
  0.66      0.87 
  0.68      0.87 
  0.70      0.52 
  0.72      0.70 
  0.74      0.87 
  0.76      1.05 
  0.78      1.57 
  0.80      0.70 
  0.82      0.17 
  0.84      1.05 
  0.86      0.52 
  0.88      1.22 
  0.90      0.87 
  0.92      0.70 
  0.94      0.70 
  0.96      0.17 
  0.98      0.70 
  1.00      0.87 
  1.02      0.35 
  1.04      0.87 
  1.06      1.05 
  1.08      1.40 
  1.10      0.52 
  1.12      0.70 
  1.14      0.70 
  1.16      0.87 
  1.18      0.87 
  1.20      1.05 
  1.22      0.87 
  1.24      0.87 
  1.26      1.05 
  1.28      0.87 
  1.30      1.22 
  1.32      0.35 
  1.34      1.57 
  1.36      0.52 
  1.38      1.05 
  1.40      0.52 
  1.42      0.35 
  1.44      0.70 
  1.46      0.52 
  1.48      0.70 
  1.50      0.70 
  1.52      0.52 
  1.54      0.87 
  1.56      0.52 
  1.58      0.87 
  1.60      1.05 
  1.62      0.70 
  1.64      1.05 
  1.66      0.52 
  1.68      1.05 
  1.70      0.70 
  1.72      0.35 
  1.74      1.22 
  1.76      0.87 
  1.78      1.40 
  1.80      0.70 
  1.82      0.35 
  1.84      0.87 
  1.86      0.70 
  1.88      1.22 
  1.90      1.05 
  1.92      0.87 
  1.94      1.22 
  1.96      0.70 
  1.98      0.87 
  2.00      1.05 
  2.02      0.52 
  2.04      0.52 
  2.06      0.70 
  2.08      1.22 
  2.10      0.87 
  2.12      0.87 
  2.14      0.70 
  2.16      0.35 
  2.18      0.87 
  2.20      0.70 
  2.22      0.52 
  2.24      1.40 
  2.26      1.05 
  2.28      1.05 
  2.30      0.87 
  2.32      0.52 
  2.34      1.22 
  2.36      1.05 
  2.38      1.22 
  2.40      0.35 
  2.42      0.35 
  2.44      1.05 
  2.46      0.52 
  2.48      1.22 
  2.50      1.22 
  2.52      0.35 
  2.54      1.05 
  2.56      0.87 
  2.58      0.87 
  2.60      1.22 
  2.62      0.87 
  2.64      1.40 
  2.66      0.70 
  2.68      1.40 
  2.70      0.87 
  2.72      0.35 
  2.74      1.40 
  2.76      0.87 
  2.78      1.57 
  2.80      1.22 
  2.82      1.22 
  2.84      1.05 
  2.86      1.05 
  2.88      0.87 
  2.90      0.87 
  2.92      0.52 
  2.94      1.40 
  2.96      1.05 
  2.98      1.22 
  3.00      1.22 
  3.02      0.70 
  3.04      1.57 
  3.06      1.05 
  3.08      1.57 
  3.10      1.40 
  3.12      1.22 
  3.14      1.05 
  3.16      0.87 
  3.18      0.87 
  3.20      1.22 
  3.22      0.70 
  3.24      1.05 
  3.26      0.87 
  3.28      1.40 
  3.30      0.87 
  3.32      0.70 
  3.34      0.87 
  3.36      0.87 
  3.38      1.57 
  3.40      1.22 
  3.42      0.70 
  3.44      1.22 
  3.46      1.40 
  3.48      0.70 
  3.50      0.87 
  3.52      1.05 
  3.54      1.05 
  3.56      0.87 
  3.58      1.57 
  3.60      0.87 
  3.62      0.52 
  3.64      1.40 
  3.66      0.87 
  3.68      1.57 
  3.70      1.05 
  3.72      1.05 
  3.74      1.22 
  3.76      0.70 
  3.78      1.22 
  3.80      1.57 
  3.82      1.05 
  3.84      1.75 
  3.86      1.40 
  3.88      1.75 
  3.90      0.70 
  3.92      1.57 
  3.94      1.40 
  3.96      0.87 
  3.98      1.05 
  4.00      1.22 
  4.02      1.22 
  4.04      1.05 
  4.06      1.40 
  4.08      0.87 
  4.10      1.05 
  4.12      0.87 
  4.14      1.40 
  4.16      0.70 
  4.18      1.92 
  4.20      1.22 
  4.22      1.05 
  4.24      1.05 
  4.26      1.05 
  4.28      1.22 
  4.30      1.40 
  4.32      0.87 
  4.34      1.57 
  4.36      1.22 
  4.38      0.87 
  4.40      1.05 
  4.42      0.87 
  4.44      1.22 
  4.46      1.22 
  4.48      1.57 
  4.50      0.87 
  4.52      1.22 
  4.54      1.57 
  4.56      1.05 
  4.58      1.40 
  4.60      1.57 
  4.62      1.40 
  4.64      1.57 
  4.66      1.40 
  4.68      1.75 
  4.70      0.87 
  4.72      0.35 
  4.74      1.40 
  4.76      1.22 
  4.78      1.57 
  4.80      1.22 
  4.82      1.40 
  4.84      1.57 
  4.86      1.57 
  4.88      1.92 
  4.90      1.22 
  4.92      1.75 
  4.94      1.22 
  4.96      1.57 
  4.98      1.75 
  5.00      0.70 
  5.02      0.87 
  5.04      1.40 
  5.06      1.22 
  5.08      1.75 
  5.10      1.57 
  5.12      1.22 
  5.14      1.57 
  5.16      1.57 
  5.18      1.75 
  5.20      1.92 
  5.22      1.22 
  5.24      2.27 
  5.26      1.57 
  5.28      1.92 
  5.30      2.10 
  5.32      1.40 
  5.34      1.57 
  5.36      1.40 
  5.38      1.75 
  5.40      2.10 
  5.42      2.27 
  5.44      2.27 
  5.46      1.57 
  5.48      1.92 
  5.50      1.92 
  5.52      1.40 
  5.54      1.92 
  5.56      1.22 
  5.58      1.92 
  5.60      1.22 
  5.62      1.05 
  5.64      1.57 
  5.66      1.57 
  5.68      1.92 
  5.70      1.57 
  5.72      1.75 
  5.74      2.45 
  5.76      1.92 
  5.78      2.45 
  5.80      1.92 
  5.82      1.40 
  5.84      1.92 
  5.86      1.22 
  5.88      2.10 
  5.90      1.75 
  5.92      2.27 
  5.94      1.40 
  5.96      1.57 
  5.98      1.75 
  6.00      2.27 
  6.02      1.57 
  6.04      2.10 
  6.06      2.10 
  6.08      2.10 
  6.10      1.57 
  6.12      1.75 
  6.14      1.57 
  6.16      1.75 
  6.18      1.40 
  6.20      1.92 
  6.22      1.75 
  6.24      2.27 
  6.26      1.92 
  6.28      2.27 
  6.30      1.22 
  6.32      1.22 
  6.34      2.10 
  6.36      1.92 
  6.38      2.45 
  6.40      2.27 
  6.60      2.45 
  6.80      1.40 
  7.00      1.92 
  7.20      2.10 
  7.40      2.27 
  7.60      2.27 
  7.80      2.97 
  8.00      2.45 
  8.20      3.32 
  8.40      2.97 
  8.60      3.14 
  8.80      3.32 
  9.00      3.14 
  9.20      3.49 
  9.40      4.28 
  9.60      3.87 
  9.80      5.22 
 10.00      5.22 
 10.20      4.28 
 10.40      5.75 
 10.60      5.22 
 10.80      4.73 
 11.00      5.75 
 11.20      3.87 
 11.40      5.22 
 11.60      5.22 
 11.80      5.75 
 12.00      5.22 
 12.20      6.95 
 12.40      5.22 
 12.60      6.95 
 12.80      5.75 
 13.00      6.33 
 13.20      5.75 
 13.40      6.95 
 13.60      5.22 
 13.80      6.33 
 14.00      5.75 
 14.20      6.33 
 14.40      6.33 
 14.60      6.33 
 14.80      5.75 
 15.00      6.95 
 15.20      5.75 
 15.40      6.95 
 15.60      5.22 
 15.80      5.75 
 16.00      5.75 
 16.20      6.95 
 16.40      6.33 
 16.60      5.75 
 16.80      6.95 
 17.00      4.73 
 17.20      6.95 
 17.40      5.75 
 17.60      6.33 
 17.80      5.75 
 18.00      5.75 
 18.20      6.33 
 18.40      5.75 
 18.60      4.28 
 18.80      6.33 
 19.00      4.28 
 19.20      5.75 
 19.40      4.73 
 19.60      6.33 
 19.80      4.73 
 20.00      6.33 
 20.20      4.28 
 20.40      5.75 
 20.60      4.73 
 20.80      4.28 
 21.00      5.22 
 21.20      4.28 
 21.40      4.73 
 21.60      3.87 
 21.80      4.28 
 22.00      4.28 
 22.20      3.49 
 22.40      3.32 
 22.60      3.87 
 22.80      4.28 
 23.00      3.32 
 23.20      3.32 
 23.40      3.87 
 23.60      3.32 
 23.80      3.87 
 24.00      2.97 
 24.20      3.32 
 24.40      3.14 
 24.60      3.49 
 24.80      2.79 
 25.00      2.79 
 25.20      2.97 
 25.40      3.14 
 25.60      2.97 
 25.80      3.14 
 26.00      3.32 
 26.20      3.14 
 26.40      3.32 
 26.60      2.97 
 26.80      2.79 
 27.00      2.79 
 27.20      2.97 
 27.40      3.14 
 27.60      2.97 
 27.80      2.62 
 28.00      2.79 
 28.20      2.79 
 28.40      2.62 
 28.60      2.45 
 28.80      1.92 
 29.00      2.27 
 29.20      2.45 
 29.40      2.79 
 29.60      2.62 
 29.80      2.27 
 30.00      2.27 
 30.20      2.27 
 30.40      2.45 
 30.60      2.27 
 30.80      1.92 
 31.00      2.10 
 31.20      1.92 
 31.40      2.10 
 31.60      2.10 
 31.80      1.75 
 32.00      1.40 
 32.20      1.57 
 32.40      1.75 
 32.60      1.40 
 32.80      1.75 
 33.00      1.22 
 33.20      1.75 
 33.40      1.05 
 33.60      1.22 
 33.80      1.92 
 34.00      1.05 
 34.20      1.57 
 34.40      1.22 
 34.60      1.40 
 34.80      1.22 
 35.00      1.40 
 35.20      1.22 
 35.40      0.87 
 35.60      1.40 
 35.80      1.05 
 36.00      1.22 
 36.20      1.22 
 36.40      1.05 
 36.60      1.22 
 36.80      1.22 
 37.00      1.05 
 37.20      0.87 
 37.40      1.22 
 37.60      1.22 
 37.80      0.70 
 38.00      1.22 
 38.20      1.05 
 38.40      0.87 
 38.60      0.87 
 38.80      0.70 
 39.00      0.52 
 39.20      1.05 
 39.40      0.52 
 39.60      0.70 
 39.80      0.35 
 40.00      0.35 
 40.20      0.87 
 40.40      0.17 
 40.60      0.35 
 40.80      0.17 
 41.00     -0.17 
 41.20     -0.17 
 41.40      0.17 
 41.60      0.00 
 41.80     -0.17 
 42.00     -0.35 
 42.20     -0.52 
 42.40     -0.17 
 42.60     -0.52 
 42.80     -0.70 
 43.00     -0.35 
 43.20     -0.35 
 43.40     -0.35 
 43.60     -0.17 
 43.80     -0.87 
