  0.00     -0.17 
  0.02     -0.17 
  0.04     -0.17 
  0.06     -0.17 
  0.08      0.00 
  0.10      0.52 
  0.12      0.70 
  0.14      2.79 
  0.16      0.52 
  0.18      1.22 
  0.20      0.70 
  0.22      0.87 
  0.24      1.05 
  0.26      0.17 
  0.28      1.22 
  0.30      0.70 
  0.32      0.52 
  0.34      0.87 
  0.36      0.35 
  0.38      0.70 
  0.40      0.70 
  0.42      0.52 
  0.44      0.70 
  0.46      0.70 
  0.48      1.05 
  0.50      0.52 
  0.52      0.52 
  0.54      0.70 
  0.56      0.70 
  0.58      0.70 
  0.60      0.70 
  0.62      0.52 
  0.64      1.05 
  0.66      1.05 
  0.68      1.22 
  0.70      1.05 
  0.72      0.52 
  0.74      1.40 
  0.76      0.70 
  0.78      1.40 
  0.80      1.05 
  0.82      0.70 
  0.84      1.22 
  0.86      0.87 
  0.88      0.87 
  0.90      1.22 
  0.92      0.70 
  0.94      1.22 
  0.96      1.05 
  0.98      0.70 
  1.00      1.22 
  1.02      0.35 
  1.04      1.40 
  1.06      1.05 
  1.08      1.57 
  1.10      1.05 
  1.12      0.70 
  1.14      1.05 
  1.16      0.87 
  1.18      1.05 
  1.20      1.05 
  1.22      1.05 
  1.24      1.22 
  1.26      1.22 
  1.28      1.57 
  1.30      1.40 
  1.32      0.35 
  1.34      1.40 
  1.36      1.40 
  1.38      1.92 
  1.40      1.40 
  1.42      1.40 
  1.44      1.40 
  1.46      1.22 
  1.48      1.05 
  1.50      1.22 
  1.52      1.22 
  1.54      1.22 
  1.56      1.40 
  1.58      1.75 
  1.60      1.57 
  1.62      0.87 
  1.64      1.75 
  1.66      1.22 
  1.68      1.75 
  1.70      1.57 
  1.72      1.57 
  1.74      1.75 
  1.76      1.92 
  1.78      1.75 
  1.80      1.57 
  1.82      1.05 
  1.84      1.92 
  1.86      1.40 
  1.88      1.92 
  1.90      1.75 
  1.92      1.05 
  1.94      1.22 
  1.96      1.92 
  1.98      1.57 
  2.00      1.40 
  2.02      1.40 
  2.04      2.10 
  2.06      1.75 
  2.08      2.62 
  2.10      1.92 
  2.12      1.57 
  2.14      2.10 
  2.16      1.57 
  2.18      2.27 
  2.20      1.92 
  2.22      1.40 
  2.24      1.57 
  2.26      1.92 
  2.28      1.92 
  2.30      1.75 
  2.32      1.75 
  2.34      2.10 
  2.36      1.75 
  2.38      1.57 
  2.40      1.92 
  2.42      1.92 
  2.44      2.27 
  2.46      1.92 
  2.48      1.92 
  2.50      1.92 
  2.52      1.57 
  2.54      2.27 
  2.56      1.57 
  2.58      2.45 
  2.60      2.62 
  2.62      2.10 
  2.64      2.45 
  2.66      2.45 
  2.68      2.45 
  2.70      1.92 
  2.72      1.57 
  2.74      2.27 
  2.76      1.92 
  2.78      2.27 
  2.80      2.27 
  2.82      2.10 
  2.84      2.27 
  2.86      2.45 
  2.88      2.27 
  2.90      2.27 
  2.92      2.27 
  2.94      2.45 
  2.96      2.45 
  2.98      2.45 
  3.00      2.79 
  3.02      2.27 
  3.04      2.62 
  3.06      2.62 
  3.08      2.79 
  3.10      2.62 
  3.12      2.62 
  3.14      2.45 
  3.16      1.92 
  3.18      2.79 
  3.20      2.97 
  3.22      2.79 
  3.24      2.97 
  3.26      2.79 
  3.28      3.14 
  3.30      2.27 
  3.32      2.79 
  3.34      2.45 
  3.36      2.62 
  3.38      2.45 
  3.40      2.45 
  3.42      2.62 
  3.44      3.32 
  3.46      3.32 
  3.48      3.87 
  3.50      3.14 
  3.52      2.79 
  3.54      3.49 
  3.56      2.97 
  3.58      2.97 
  3.60      2.79 
  3.62      2.27 
  3.64      3.49 
  3.66      2.79 
  3.68      3.32 
  3.70      2.79 
  3.72      2.97 
  3.74      3.14 
  3.76      2.79 
  3.78      2.97 
  3.80      2.79 
  3.82      2.27 
  3.84      3.14 
  3.86      2.62 
  3.88      4.73 
  3.90      3.87 
  3.92      3.32 
  3.94      3.32 
  3.96      3.32 
  3.98      3.49 
  4.00      2.97 
  4.02      2.45 
  4.04      2.79 
  4.06      2.62 
  4.08      3.32 
  4.10      3.14 
  4.12      2.27 
  4.14      3.32 
  4.16      3.87 
  4.18      2.79 
  4.20      2.62 
  4.22      3.14 
  4.24      3.14 
  4.26      3.14 
  4.28      2.97 
  4.30      3.32 
  4.32      3.14 
  4.34      3.49 
  4.36      3.32 
  4.38      3.87 
  4.40      2.97 
  4.42      3.32 
  4.44      3.14 
  4.46      3.49 
  4.48      3.32 
  4.50      3.32 
  4.52      2.79 
  4.54      3.49 
  4.56      3.49 
  4.58      3.49 
  4.60      2.97 
  4.62      3.14 
  4.64      3.32 
  4.66      4.28 
  4.68      3.14 
  4.70      2.97 
  4.72      2.97 
  4.74      3.49 
  4.76      2.97 
  4.78      3.49 
  4.80      3.32 
  4.82      4.28 
  4.84      2.97 
  4.86      3.87 
  4.88      3.32 
  4.90      3.49 
  4.92      3.14 
  4.94      3.32 
  4.96      3.49 
  4.98      4.28 
  5.00      3.32 
  5.02      3.32 
  5.04      3.32 
  5.06      3.87 
  5.08      3.32 
  5.10      2.97 
  5.12      3.14 
  5.14      3.49 
  5.16      2.79 
  5.18      3.49 
  5.20      3.32 
  5.22      3.49 
  5.24      3.32 
  5.26      3.32 
  5.28      3.32 
  5.30      3.14 
  5.32      3.32 
  5.34      3.32 
  5.36      3.32 
  5.38      3.49 
  5.40      3.49 
  5.42      3.14 
  5.44      3.87 
  5.46      5.22 
  5.48      3.87 
  5.50      3.32 
  5.52      3.49 
  5.54      3.87 
  5.56      3.87 
  5.58      3.87 
  5.60      3.87 
  5.62      4.28 
  5.64      3.49 
  5.66      3.32 
  5.68      3.49 
  5.70      3.49 
  5.72      3.14 
  5.74      3.87 
  5.76      3.32 
  5.78      3.87 
  5.80      4.73 
  5.82      4.73 
  5.84      4.28 
  5.86      4.28 
  5.88      5.22 
  5.90      3.87 
  5.92      3.49 
  5.94      3.87 
  5.96      3.32 
  5.98      3.49 
  6.00      5.22 
  6.02      5.22 
  6.04      4.28 
  6.06      4.28 
  6.08      6.33 
  6.10      4.28 
  6.12      3.32 
  6.14      3.49 
  6.16      2.97 
  6.18      4.73 
  6.20      5.22 
  6.22      3.87 
  6.24      4.28 
  6.26      3.14 
  6.28      4.28 
  6.30      3.49 
  6.32      3.32 
  6.34      3.49 
  6.36      3.49 
  6.38      3.49 
  6.40      3.49 
  6.60      3.87 
  6.80      3.49 
  7.00      2.97 
  7.20      2.62 
  7.40      2.97 
  7.60      2.97 
  7.80      2.97 
  8.00      2.97 
  8.20      2.62 
  8.40      2.62 
  8.60      2.79 
  8.80      2.45 
  9.00      2.62 
  9.20      2.45 
  9.40      2.45 
  9.60      2.27 
  9.80      2.27 
 10.00      2.45 
 10.20      2.62 
 10.40      2.45 
 10.60      2.62 
 10.80      2.27 
 11.00      2.27 
 11.20      2.45 
 11.40      2.10 
 11.60      1.92 
 11.80      2.27 
 12.00      2.10 
 12.20      2.10 
 12.40      2.10 
 12.60      1.57 
 12.80      1.92 
 13.00      1.57 
 13.20      1.40 
 13.40      1.57 
 13.60      2.10 
 13.80      1.40 
 14.00      1.40 
 14.20      1.40 
 14.40      1.40 
 14.60      1.22 
 14.80      1.57 
 15.00      0.70 
 15.20      0.70 
 15.40      1.05 
 15.60      1.05 
 15.80      0.35 
 16.00      0.87 
 16.20      0.35 
 16.40      0.52 
 16.60      0.35 
 16.80      0.35 
 17.00      0.35 
 17.20      0.17 
 17.40      0.52 
 17.60      0.70 
 17.80      0.00 
 18.00      0.17 
 18.20      0.00 
 18.40      0.52 
 18.60      0.00 
 18.80      0.17 
 19.00     -0.17 
 19.20      0.00 
 19.40      0.17 
 19.60      0.00 
 19.80      0.00 
 20.00      0.00 
 20.20      0.00 
 20.40     -0.17 
 20.60     -0.52 
 20.80     -0.17 
 21.00     -0.17 
 21.20      0.00 
 21.40     -0.35 
 21.60     -0.17 
 21.80     -0.35 
 22.00     -0.17 
 22.20     -0.35 
 22.40     -0.52 
 22.60     -0.17 
 22.80     -0.52 
 23.00     -0.52 
 23.20     -0.35 
 23.40     -0.52 
 23.60     -0.52 
 23.80     -0.87 
 24.00     -0.70 
 24.20     -0.70 
 24.40     -0.35 
 24.60     -0.52 
 24.80     -0.70 
 25.00     -0.52 
 25.20     -0.52 
 25.40     -0.35 
 25.60     -0.35 
 25.80     -0.52 
 26.00     -0.35 
 26.20     -0.52 
 26.40     -0.35 
 26.60     -0.52 
 26.80     -0.35 
 27.00     -0.52 
 27.20     -0.70 
 27.40     -0.17 
 27.60     -0.52 
 27.80     -0.52 
 28.00     -0.52 
 28.20     -0.52 
 28.40     -0.52 
 28.60     -0.52 
 28.80     -0.52 
 29.00     -0.87 
 29.20     -0.35 
 29.40     -0.87 
 29.60     -0.70 
 29.80     -0.35 
 30.00     -0.70 
 30.20     -0.35 
 30.40     -0.70 
 30.60     -0.35 
 30.80     -0.70 
 31.00     -0.70 
 31.20     -0.52 
 31.40     -0.52 
 31.60     -0.35 
 31.80     -0.52 
 32.00     -0.52 
 32.20     -0.70 
 32.40     -0.52 
 32.60     -0.52 
 32.80     -0.87 
 33.00     -0.52 
 33.20     -0.52 
 33.40     -0.70 
 33.60     -0.52 
 33.80     -1.05 
 34.00     -0.52 
 34.20     -0.87 
 34.40     -0.70 
 34.60     -0.87 
 34.80     -0.70 
 35.00     -0.70 
 35.20     -0.87 
 35.40     -0.52 
 35.60     -1.05 
 35.80     -0.70 
 36.00     -0.70 
 36.20     -0.87 
 36.40     -0.70 
 36.60     -0.70 
 36.80     -0.70 
 37.00     -0.87 
 37.20     -1.05 
 37.40     -0.87 
 37.60     -0.70 
 37.80     -0.52 
 38.00     -1.05 
 38.20     -0.70 
 38.40     -1.05 
 38.60     -0.70 
 38.80     -0.52 
 39.00     -1.05 
 39.20     -0.87 
 39.40     -0.87 
 39.60     -0.87 
 39.80     -0.70 
 40.00     -0.87 
 40.20     -0.70 
 40.40     -0.70 
 40.60     -0.70 
 40.80     -0.70 
 41.00     -0.70 
 41.20     -0.70 
 41.40     -0.87 
 41.60     -0.52 
 41.80     -1.22 
 42.00     -0.52 
 42.20     -0.70 
 42.40     -0.87 
 42.60     -0.70 
 42.80     -0.87 
 43.00     -0.52 
 43.20     -0.87 
 43.40     -0.70 
 43.60     -0.87 
 43.80     -0.87 
