  0.00     -0.35 
  0.02      0.00 
  0.04      0.00 
  0.06     -0.17 
  0.08      0.00 
  0.10      0.87 
  0.12      0.17 
  0.14      2.97 
  0.16     -0.17 
  0.18      0.70 
  0.20      0.17 
  0.22      0.35 
  0.24      0.70 
  0.26      0.52 
  0.28      1.40 
  0.30      0.52 
  0.32      0.35 
  0.34      0.87 
  0.36      0.35 
  0.38      0.70 
  0.40      0.52 
  0.42      0.52 
  0.44      0.35 
  0.46      1.05 
  0.48      0.52 
  0.50      0.35 
  0.52      0.52 
  0.54      0.87 
  0.56      0.70 
  0.58      1.05 
  0.60      0.87 
  0.62      0.00 
  0.64      0.87 
  0.66      0.52 
  0.68      0.87 
  0.70      1.05 
  0.72      0.17 
  0.74      1.05 
  0.76      0.35 
  0.78      0.35 
  0.80      0.87 
  0.82      0.87 
  0.84      0.87 
  0.86      0.87 
  0.88      0.70 
  0.90      0.87 
  0.92      0.52 
  0.94      0.87 
  0.96      0.87 
  0.98      0.87 
  1.00      0.52 
  1.02      0.52 
  1.04      1.05 
  1.06      0.70 
  1.08      1.05 
  1.10      0.70 
  1.12      0.70 
  1.14      0.70 
  1.16      1.05 
  1.18      0.70 
  1.20      1.05 
  1.22      0.70 
  1.24      1.75 
  1.26      1.40 
  1.28      1.40 
  1.30      0.70 
  1.32      0.70 
  1.34      0.87 
  1.36      0.87 
  1.38      1.22 
  1.40      0.52 
  1.42      0.52 
  1.44      1.40 
  1.46      0.70 
  1.48      1.22 
  1.50      1.22 
  1.52      0.87 
  1.54      0.87 
  1.56      1.22 
  1.58      0.87 
  1.60      0.52 
  1.62      0.87 
  1.64      0.87 
  1.66      0.52 
  1.68      0.87 
  1.70      1.22 
  1.72      0.70 
  1.74      1.05 
  1.76      1.05 
  1.78      1.22 
  1.80      1.05 
  1.82      0.52 
  1.84      1.40 
  1.86      0.52 
  1.88      1.40 
  1.90      1.05 
  1.92      0.52 
  1.94      1.57 
  1.96      0.87 
  1.98      1.57 
  2.00      1.57 
  2.02      1.57 
  2.04      1.40 
  2.06      1.40 
  2.08      1.40 
  2.10      1.40 
  2.12      0.70 
  2.14      1.57 
  2.16      1.40 
  2.18      1.40 
  2.20      0.87 
  2.22      1.22 
  2.24      1.22 
  2.26      1.40 
  2.28      1.05 
  2.30      1.75 
  2.32      1.05 
  2.34      1.75 
  2.36      1.40 
  2.38      1.57 
  2.40      1.22 
  2.42      1.05 
  2.44      1.75 
  2.46      1.22 
  2.48      1.75 
  2.50      1.57 
  2.52      1.75 
  2.54      1.40 
  2.56      1.92 
  2.58      1.40 
  2.60      1.57 
  2.62      0.70 
  2.64      1.40 
  2.66      1.40 
  2.68      1.57 
  2.70      1.22 
  2.72      1.57 
  2.74      1.75 
  2.76      1.57 
  2.78      1.75 
  2.80      1.40 
  2.82      1.05 
  2.84      1.75 
  2.86      1.22 
  2.88      2.10 
  2.90      1.75 
  2.92      1.57 
  2.94      1.75 
  2.96      1.05 
  2.98      1.40 
  3.00      1.57 
  3.02      1.57 
  3.04      1.05 
  3.06      1.57 
  3.08      1.75 
  3.10      1.57 
  3.12      0.87 
  3.14      2.10 
  3.16      1.57 
  3.18      2.27 
  3.20      1.75 
  3.22      1.75 
  3.24      1.40 
  3.26      1.75 
  3.28      1.22 
  3.30      1.92 
  3.32      1.92 
  3.34      2.27 
  3.36      1.75 
  3.38      2.27 
  3.40      1.92 
  3.42      1.57 
  3.44      1.22 
  3.46      1.75 
  3.48      1.40 
  3.50      1.92 
  3.52      0.87 
  3.54      1.75 
  3.56      1.40 
  3.58      1.92 
  3.60      1.57 
  3.62      1.57 
  3.64      1.75 
  3.66      1.92 
  3.68      1.75 
  3.70      2.10 
  3.72      1.40 
  3.74      1.92 
  3.76      1.92 
  3.78      2.45 
  3.80      1.92 
  3.82      1.40 
  3.84      2.45 
  3.86      2.10 
  3.88      2.27 
  3.90      1.92 
  3.92      1.92 
  3.94      1.92 
  3.96      2.10 
  3.98      1.75 
  4.00      1.75 
  4.02      1.57 
  4.04      1.75 
  4.06      1.57 
  4.08      2.27 
  4.10      1.57 
  4.12      1.92 
  4.14      1.75 
  4.16      1.92 
  4.18      2.27 
  4.20      1.75 
  4.22      1.40 
  4.24      2.45 
  4.26      1.92 
  4.28      2.62 
  4.30      1.92 
  4.32      1.75 
  4.34      1.75 
  4.36      2.10 
  4.38      2.10 
  4.40      2.10 
  4.42      1.92 
  4.44      1.92 
  4.46      2.62 
  4.48      2.10 
  4.50      1.92 
  4.52      1.22 
  4.54      1.57 
  4.56      1.57 
  4.58      1.75 
  4.60      1.75 
  4.62      1.57 
  4.64      2.10 
  4.66      1.92 
  4.68      2.10 
  4.70      1.92 
  4.72      1.75 
  4.74      2.45 
  4.76      1.57 
  4.78      2.10 
  4.80      2.45 
  4.82      2.45 
  4.84      1.92 
  4.86      1.75 
  4.88      1.75 
  4.90      2.10 
  4.92      1.22 
  4.94      2.45 
  4.96      2.27 
  4.98      2.79 
  5.00      2.45 
  5.02      2.10 
  5.04      2.27 
  5.06      1.92 
  5.08      2.79 
  5.10      2.62 
  5.12      1.92 
  5.14      2.27 
  5.16      2.10 
  5.18      2.45 
  5.20      1.57 
  5.22      1.57 
  5.24      2.27 
  5.26      1.92 
  5.28      1.92 
  5.30      2.10 
  5.32      1.92 
  5.34      1.92 
  5.36      2.27 
  5.38      1.75 
  5.40      1.75 
  5.42      1.40 
  5.44      1.75 
  5.46      1.92 
  5.48      2.27 
  5.50      2.45 
  5.52      1.75 
  5.54      1.92 
  5.56      1.92 
  5.58      1.92 
  5.60      2.45 
  5.62      1.40 
  5.64      2.62 
  5.66      2.27 
  5.68      2.79 
  5.70      2.27 
  5.72      1.92 
  5.74      1.92 
  5.76      1.40 
  5.78      2.27 
  5.80      2.27 
  5.82      1.75 
  5.84      2.45 
  5.86      2.10 
  5.88      2.62 
  5.90      1.75 
  5.92      1.92 
  5.94      2.27 
  5.96      1.92 
  5.98      2.27 
  6.00      1.75 
  6.02      2.10 
  6.04      2.45 
  6.06      2.27 
  6.08      2.45 
  6.10      2.27 
  6.12      1.40 
  6.14      2.27 
  6.16      2.10 
  6.18      2.62 
  6.20      1.57 
  6.22      1.57 
  6.24      1.92 
  6.26      1.57 
  6.28      1.92 
  6.30      1.92 
  6.32      1.75 
  6.34      2.10 
  6.36      2.45 
  6.38      1.92 
  6.40      1.57 
  6.60      2.97 
  6.80      2.10 
  7.00      1.92 
  7.20      1.57 
  7.40      1.22 
  7.60      1.40 
  7.80      1.75 
  8.00      1.40 
  8.20      1.40 
  8.40      1.57 
  8.60      1.40 
  8.80      1.22 
  9.00      1.22 
  9.20      0.87 
  9.40      1.05 
  9.60      0.52 
  9.80      0.70 
 10.00      0.35 
 10.20      0.52 
 10.40      0.87 
 10.60      0.17 
 10.80      0.35 
 11.00      0.17 
 11.20      0.35 
 11.40      0.35 
 11.60      0.00 
 11.80      0.17 
 12.00     -0.17 
 12.20      0.35 
 12.40     -0.17 
 12.60     -0.17 
 12.80      0.00 
 13.00      0.17 
 13.20      0.00 
 13.40     -0.17 
 13.60      0.00 
 13.80     -0.35 
 14.00     -0.17 
 14.20     -0.17 
 14.40     -0.70 
 14.60     -0.35 
 14.80     -0.35 
 15.00     -0.52 
 15.20      0.00 
 15.40     -0.35 
 15.60     -0.35 
 15.80     -0.52 
 16.00     -0.35 
 16.20     -0.35 
 16.40     -0.17 
 16.60     -0.35 
 16.80     -0.35 
 17.00      0.00 
 17.20     -0.52 
 17.40     -0.35 
 17.60     -0.35 
 17.80     -0.17 
 18.00     -0.35 
 18.20     -0.52 
 18.40     -0.35 
 18.60     -0.52 
 18.80     -0.35 
 19.00     -0.52 
 19.20     -0.35 
 19.40     -0.35 
 19.60     -0.35 
 19.80     -0.52 
 20.00     -0.70 
 20.20     -0.17 
 20.40     -0.87 
 20.60     -0.52 
 20.80     -0.52 
 21.00     -0.70 
 21.20     -0.70 
 21.40     -0.70 
 21.60     -0.70 
 21.80     -0.52 
 22.00     -0.70 
 22.20     -0.87 
 22.40     -0.52 
 22.60     -0.52 
 22.80     -0.70 
 23.00     -0.52 
 23.20     -0.52 
 23.40     -0.52 
 23.60     -0.52 
 23.80     -0.70 
 24.00     -0.35 
 24.20     -0.52 
 24.40     -0.52 
 24.60     -0.52 
 24.80     -0.70 
 25.00     -0.17 
 25.20     -0.52 
 25.40     -0.52 
 25.60     -0.70 
 25.80     -0.52 
 26.00     -0.52 
 26.20     -0.52 
 26.40     -0.52 
 26.60     -0.87 
 26.80     -0.52 
 27.00     -0.87 
 27.20     -0.35 
 27.40     -0.70 
 27.60     -0.87 
 27.80     -0.52 
 28.00     -0.70 
 28.20     -0.52 
 28.40     -0.70 
 28.60     -0.52 
 28.80     -0.52 
 29.00     -0.52 
 29.20     -0.35 
 29.40     -0.70 
 29.60     -0.52 
 29.80     -0.52 
 30.00     -0.52 
 30.20     -0.35 
 30.40     -0.70 
 30.60     -0.35 
 30.80     -0.35 
 31.00     -0.52 
 31.20     -0.52 
 31.40     -0.87 
 31.60     -0.52 
 31.80     -0.70 
 32.00     -0.52 
 32.20     -0.87 
 32.40     -0.70 
 32.60     -0.52 
 32.80     -0.87 
 33.00     -0.35 
 33.20     -0.70 
 33.40     -0.52 
 33.60     -0.52 
 33.80     -0.70 
 34.00     -0.52 
 34.20     -0.70 
 34.40     -0.52 
 34.60     -0.70 
 34.80     -0.52 
 35.00     -0.70 
 35.20     -0.52 
 35.40     -0.35 
 35.60     -0.87 
 35.80     -0.35 
 36.00     -0.87 
 36.20     -0.52 
 36.40     -0.52 
 36.60     -0.87 
 36.80     -0.52 
 37.00     -0.70 
 37.20     -0.70 
 37.40     -0.70 
 37.60     -0.70 
 37.80     -0.70 
 38.00     -0.52 
 38.20     -0.70 
 38.40     -0.35 
 38.60     -0.52 
 38.80     -0.52 
 39.00     -0.70 
 39.20     -0.35 
 39.40     -0.70 
 39.60     -0.35 
 39.80     -0.52 
 40.00     -0.70 
 40.20     -0.35 
 40.40     -0.70 
 40.60     -0.17 
 40.80     -0.52 
 41.00     -0.35 
 41.20     -0.52 
 41.40     -0.70 
 41.60     -0.52 
 41.80     -0.35 
 42.00     -0.52 
 42.20     -0.70 
 42.40     -0.52 
 42.60     -0.52 
 42.80     -0.52 
 43.00     -0.52 
 43.20     -0.87 
 43.40     -0.35 
 43.60     -0.70 
 43.80     -0.70 
