  0.00     -0.17 
  0.02     -0.17 
  0.04     -0.17 
  0.06     -0.52 
  0.08      0.00 
  0.10      2.62 
  0.12      0.17 
  0.14      2.97 
  0.16      0.17 
  0.18      0.52 
  0.20      0.52 
  0.22      0.52 
  0.24      1.05 
  0.26      0.35 
  0.28      0.70 
  0.30      0.35 
  0.32      0.17 
  0.34      0.87 
  0.36      0.35 
  0.38      0.87 
  0.40      0.17 
  0.42      0.35 
  0.44      0.70 
  0.46      0.52 
  0.48      0.52 
  0.50      0.35 
  0.52      0.52 
  0.54      1.22 
  0.56      0.70 
  0.58      1.05 
  0.60      0.52 
  0.62      0.52 
  0.64      0.52 
  0.66      0.87 
  0.68      0.52 
  0.70      0.70 
  0.72      0.52 
  0.74      0.87 
  0.76      0.35 
  0.78      1.05 
  0.80      0.87 
  0.82      0.35 
  0.84      1.05 
  0.86      0.87 
  0.88      1.22 
  0.90      0.52 
  0.92      1.05 
  0.94      1.05 
  0.96      0.52 
  0.98      1.05 
  1.00      1.05 
  1.02      0.70 
  1.04      1.22 
  1.06      0.70 
  1.08      1.05 
  1.10      0.87 
  1.12      0.87 
  1.14      1.22 
  1.16      1.05 
  1.18      1.75 
  1.20      0.87 
  1.22      0.52 
  1.24      1.05 
  1.26      1.22 
  1.28      0.70 
  1.30      1.05 
  1.32      1.22 
  1.34      1.22 
  1.36      1.22 
  1.38      1.05 
  1.40      1.05 
  1.42      0.70 
  1.44      1.40 
  1.46      1.05 
  1.48      1.57 
  1.50      1.22 
  1.52      1.22 
  1.54      1.57 
  1.56      1.40 
  1.58      1.22 
  1.60      1.57 
  1.62      1.22 
  1.64      1.92 
  1.66      1.40 
  1.68      1.57 
  1.70      1.40 
  1.72      1.40 
  1.74      1.40 
  1.76      1.05 
  1.78      1.22 
  1.80      1.57 
  1.82      1.22 
  1.84      1.57 
  1.86      1.57 
  1.88      1.57 
  1.90      1.22 
  1.92      1.40 
  1.94      1.57 
  1.96      1.40 
  1.98      1.75 
  2.00      1.57 
  2.02      1.57 
  2.04      2.10 
  2.06      1.40 
  2.08      1.92 
  2.10      1.57 
  2.12      1.57 
  2.14      1.75 
  2.16      1.40 
  2.18      2.10 
  2.20      1.75 
  2.22      1.92 
  2.24      1.92 
  2.26      1.57 
  2.28      1.75 
  2.30      1.57 
  2.32      1.22 
  2.34      1.75 
  2.36      2.10 
  2.38      1.57 
  2.40      1.40 
  2.42      1.75 
  2.44      2.10 
  2.46      1.57 
  2.48      1.92 
  2.50      2.27 
  2.52      1.40 
  2.54      2.45 
  2.56      1.92 
  2.58      2.45 
  2.60      2.10 
  2.62      2.10 
  2.64      1.92 
  2.66      1.92 
  2.68      2.10 
  2.70      1.92 
  2.72      1.57 
  2.74      2.27 
  2.76      1.75 
  2.78      2.10 
  2.80      1.92 
  2.82      1.92 
  2.84      1.92 
  2.86      2.27 
  2.88      2.10 
  2.90      1.75 
  2.92      1.92 
  2.94      2.62 
  2.96      2.10 
  2.98      2.45 
  3.00      1.92 
  3.02      2.45 
  3.04      2.27 
  3.06      2.27 
  3.08      1.75 
  3.10      1.92 
  3.12      1.92 
  3.14      2.45 
  3.16      2.10 
  3.18      2.27 
  3.20      2.45 
  3.22      2.27 
  3.24      2.27 
  3.26      2.27 
  3.28      2.10 
  3.30      1.92 
  3.32      2.27 
  3.34      2.62 
  3.36      2.10 
  3.38      2.27 
  3.40      2.45 
  3.42      2.45 
  3.44      2.45 
  3.46      2.79 
  3.48      2.62 
  3.50      2.10 
  3.52      2.27 
  3.54      2.27 
  3.56      2.45 
  3.58      2.62 
  3.60      2.62 
  3.62      2.45 
  3.64      2.97 
  3.66      2.62 
  3.68      2.62 
  3.70      2.27 
  3.72      3.14 
  3.74      2.79 
  3.76      2.45 
  3.78      2.62 
  3.80      2.79 
  3.82      2.27 
  3.84      2.97 
  3.86      2.27 
  3.88      3.32 
  3.90      2.62 
  3.92      2.97 
  3.94      2.45 
  3.96      2.79 
  3.98      2.97 
  4.00      2.79 
  4.02      2.27 
  4.04      2.97 
  4.06      2.97 
  4.08      2.79 
  4.10      2.79 
  4.12      3.32 
  4.14      2.97 
  4.16      2.79 
  4.18      2.62 
  4.20      2.79 
  4.22      2.79 
  4.24      2.79 
  4.26      2.45 
  4.28      2.97 
  4.30      3.14 
  4.32      2.79 
  4.34      3.49 
  4.36      3.32 
  4.38      3.49 
  4.40      2.79 
  4.42      3.32 
  4.44      3.14 
  4.46      2.97 
  4.48      2.97 
  4.50      3.32 
  4.52      3.14 
  4.54      3.32 
  4.56      3.14 
  4.58      3.14 
  4.60      2.79 
  4.62      3.14 
  4.64      2.79 
  4.66      2.79 
  4.68      3.32 
  4.70      3.49 
  4.72      2.97 
  4.74      3.87 
  4.76      2.97 
  4.78      3.87 
  4.80      3.32 
  4.82      3.32 
  4.84      3.87 
  4.86      2.79 
  4.88      3.49 
  4.90      3.87 
  4.92      3.14 
  4.94      3.87 
  4.96      2.97 
  4.98      3.87 
  5.00      3.32 
  5.02      3.49 
  5.04      3.87 
  5.06      3.49 
  5.08      3.87 
  5.10      3.32 
  5.12      2.97 
  5.14      3.87 
  5.16      3.49 
  5.18      3.49 
  5.20      3.87 
  5.22      3.87 
  5.24      3.87 
  5.26      2.97 
  5.28      3.87 
  5.30      3.87 
  5.32      2.79 
  5.34      3.49 
  5.36      3.49 
  5.38      3.49 
  5.40      3.49 
  5.42      2.97 
  5.44      4.73 
  5.46      3.32 
  5.48      3.87 
  5.50      3.32 
  5.52      3.14 
  5.54      4.28 
  5.56      3.32 
  5.58      4.28 
  5.60      3.87 
  5.62      3.14 
  5.64      3.49 
  5.66      3.49 
  5.68      4.28 
  5.70      3.32 
  5.72      3.14 
  5.74      4.28 
  5.76      3.49 
  5.78      3.49 
  5.80      4.73 
  5.82      3.32 
  5.84      4.28 
  5.86      3.87 
  5.88      4.73 
  5.90      3.87 
  5.92      3.49 
  5.94      3.49 
  5.96      3.49 
  5.98      3.49 
  6.00      4.73 
  6.02      3.87 
  6.04      3.87 
  6.06      3.87 
  6.08      4.28 
  6.10      3.14 
  6.12      3.14 
  6.14      3.32 
  6.16      3.49 
  6.18      3.14 
  6.20      4.28 
  6.22      2.97 
  6.24      3.49 
  6.26      3.87 
  6.28      4.28 
  6.30      3.32 
  6.32      3.49 
  6.34      3.49 
  6.36      3.87 
  6.38      3.49 
  6.40      4.28 
  6.60      4.73 
  6.80      3.87 
  7.00      3.49 
  7.20      3.87 
  7.40      3.14 
  7.60      3.14 
  7.80      3.87 
  8.00      2.97 
  8.20      3.14 
  8.40      2.79 
  8.60      3.14 
  8.80      3.14 
  9.00      2.79 
  9.20      2.97 
  9.40      2.79 
  9.60      2.79 
  9.80      2.79 
 10.00      2.62 
 10.20      2.79 
 10.40      2.62 
 10.60      2.27 
 10.80      2.27 
 11.00      2.62 
 11.20      2.62 
 11.40      2.97 
 11.60      2.62 
 11.80      1.92 
 12.00      2.27 
 12.20      2.10 
 12.40      2.27 
 12.60      2.10 
 12.80      1.92 
 13.00      1.92 
 13.20      1.40 
 13.40      1.57 
 13.60      2.10 
 13.80      1.92 
 14.00      1.92 
 14.20      1.57 
 14.40      1.57 
 14.60      1.92 
 14.80      1.57 
 15.00      1.22 
 15.20      1.57 
 15.40      1.75 
 15.60      1.40 
 15.80      1.57 
 16.00      1.40 
 16.20      1.05 
 16.40      1.22 
 16.60      0.70 
 16.80      1.40 
 17.00      0.87 
 17.20      0.70 
 17.40      0.87 
 17.60      0.87 
 17.80      0.52 
 18.00      0.35 
 18.20      0.87 
 18.40      0.52 
 18.60      0.70 
 18.80      0.52 
 19.00      0.35 
 19.20      0.52 
 19.40      0.70 
 19.60      0.35 
 19.80      0.52 
 20.00      0.52 
 20.20      0.00 
 20.40      0.52 
 20.60      0.52 
 20.80      0.52 
 21.00      0.17 
 21.20      0.17 
 21.40      0.35 
 21.60      0.35 
 21.80      0.35 
 22.00      0.70 
 22.20      0.35 
 22.40      0.17 
 22.60      0.35 
 22.80      0.00 
 23.00      0.17 
 23.20     -0.17 
 23.40      0.17 
 23.60     -0.17 
 23.80      0.17 
 24.00      0.00 
 24.20      0.35 
 24.40      0.17 
 24.60     -0.17 
 24.80      0.52 
 25.00      0.00 
 25.20      0.00 
 25.40      0.17 
 25.60      0.00 
 25.80     -0.17 
 26.00      0.35 
 26.20      0.35 
 26.40     -0.17 
 26.60      0.35 
 26.80     -0.35 
 27.00     -0.17 
 27.20      0.00 
 27.40     -0.35 
 27.60      0.00 
 27.80     -0.35 
 28.00     -0.17 
 28.20      0.00 
 28.40     -0.17 
 28.60     -0.17 
 28.80     -0.35 
 29.00      0.00 
 29.20     -0.17 
 29.40     -0.17 
 29.60     -0.17 
 29.80     -0.52 
 30.00      0.00 
 30.20     -0.52 
 30.40      0.00 
 30.60     -0.35 
 30.80     -0.35 
 31.00     -0.17 
 31.20     -0.17 
 31.40     -0.35 
 31.60     -0.35 
 31.80     -0.35 
 32.00     -0.52 
 32.20     -0.52 
 32.40     -0.52 
 32.60     -0.35 
 32.80     -0.52 
 33.00     -0.70 
 33.20     -0.52 
 33.40     -0.87 
 33.60     -0.35 
 33.80     -0.70 
 34.00     -0.70 
 34.20     -0.52 
 34.40     -0.87 
 34.60     -0.70 
 34.80     -0.87 
 35.00     -1.05 
 35.20     -0.87 
 35.40     -0.87 
 35.60     -1.05 
 35.80     -0.70 
 36.00     -0.87 
 36.20     -0.87 
 36.40     -0.87 
 36.60     -0.87 
 36.80     -0.70 
 37.00     -0.70 
 37.20     -0.70 
 37.40     -0.70 
 37.60     -0.87 
 37.80     -0.70 
 38.00     -0.70 
 38.20     -0.70 
 38.40     -0.70 
 38.60     -0.70 
 38.80     -1.05 
 39.00     -0.52 
 39.20     -0.70 
 39.40     -0.70 
 39.60     -0.70 
 39.80     -0.87 
 40.00     -0.87 
 40.20     -0.87 
 40.40     -0.70 
 40.60     -1.05 
 40.80     -0.70 
 41.00     -1.05 
 41.20     -1.05 
 41.40     -0.87 
 41.60     -1.22 
 41.80     -1.05 
 42.00     -0.87 
 42.20     -0.87 
 42.40     -0.87 
 42.60     -0.87 
 42.80     -0.70 
 43.00     -0.87 
 43.20     -0.70 
 43.40     -0.87 
 43.60     -0.70 
 43.80     -0.87 
