  0.00     -2.27 
  0.02     -0.70 
  0.04     83.75 
  0.06    118.19 
  0.08    145.05 
  0.10    303.71 
  0.12    481.42 
  0.14     87.55 
  0.16      5.75 
  0.18     10.74 
  0.20      8.33 
  0.22      9.89 
  0.24      8.33 
  0.26      9.89 
  0.28      8.33 
  0.30      5.75 
  0.32      9.08 
  0.34     60.53 
  0.36    659.65 
  0.38    445.54 
  0.40     13.61 
  0.42      8.33 
  0.44     12.60 
  0.46      9.89 
  0.48      7.61 
  0.50      8.33 
  0.52      6.95 
  0.54      8.33 
  0.56      7.61 
  0.58      9.08 
  0.60      7.61 
  0.62      5.75 
  0.64      7.61 
  0.66      6.33 
  0.68      7.61 
  0.70      6.95 
  0.72      5.22 
  0.74      7.61 
  0.76      8.33 
  0.78      9.89 
  0.80      6.95 
  0.82      8.33 
  0.84      6.95 
  0.86      8.33 
  0.88      7.61 
  0.90      7.61 
  0.92      6.95 
  0.94     13.61 
  0.96     69.78 
  0.98    520.43 
  1.00    176.99 
  1.02     16.97 
  1.04      9.08 
  1.06      6.95 
  1.08      9.89 
  1.10      9.08 
  1.12      6.33 
  1.14      8.33 
  1.16      6.95 
  1.18      7.61 
  1.20      5.22 
  1.22      5.75 
  1.24      6.95 
  1.26      5.75 
  1.28      7.61 
  1.30      5.75 
  1.32      6.33 
  1.34      7.61 
  1.36      6.95 
  1.38      9.08 
  1.40      7.61 
  1.42      6.33 
  1.44      6.95 
  1.46      6.95 
  1.48      6.33 
  1.50      6.95 
  1.52      5.75 
  1.54      7.61 
  1.56      9.08 
  1.58     57.65 
  1.60    744.38 
  1.62    260.66 
  1.64     14.68 
  1.66      9.08 
  1.68      9.08 
  1.70      8.33 
  1.72      6.33 
  1.74      7.61 
  1.76      4.73 
  1.78      7.61 
  1.80      6.33 
  1.82      4.28 
  1.84      6.95 
  1.86      6.95 
  1.88      6.95 
  1.90      6.95 
  1.92      7.61 
  1.94      6.95 
  1.96      6.33 
  1.98      8.33 
  2.00      7.61 
  2.02      5.22 
  2.04      6.95 
  2.06      6.33 
  2.08      5.22 
  2.10      6.95 
  2.12      4.73 
  2.14      9.08 
  2.16      4.73 
  2.18     12.60 
  2.20    145.05 
  2.22    744.38 
  2.24    118.19 
  2.26      8.33 
  2.28      9.08 
  2.30      9.08 
  2.32      5.75 
  2.34      7.61 
  2.36      5.22 
  2.38      9.08 
  2.40      5.22 
  2.42      6.33 
  2.44      5.75 
  2.46      5.75 
  2.48      6.33 
  2.50      5.22 
  2.52      5.22 
  2.54      6.33 
  2.56      6.95 
  2.58      6.33 
  2.60      6.33 
  2.62      6.95 
  2.64      6.95 
  2.66      6.33 
  2.68      6.95 
  2.70      5.22 
  2.72      3.87 
  2.74      5.75 
  2.76      4.73 
  2.78      5.22 
  2.80     13.61 
  2.82     73.09 
  2.84    500.51 
  2.86    118.19 
  2.88     12.60 
  2.90      8.33 
  2.92      3.87 
  2.94      9.08 
  2.96      4.73 
  2.98      6.33 
  3.00      5.22 
  3.02      5.22 
  3.04      7.61 
  3.06      4.73 
  3.08      6.33 
  3.10      5.75 
  3.12      5.75 
  3.14      5.75 
  3.16      5.75 
  3.18      5.22 
  3.20      5.75 
  3.22      3.49 
  3.24      8.33 
  3.26      5.75 
  3.28      6.33 
  3.30      5.75 
  3.32      4.28 
  3.34      5.75 
  3.36      5.22 
  3.38      8.33 
  3.40      4.73 
  3.42      9.89 
  3.44    151.00 
  3.46    841.50 
  3.48    133.75 
  3.50      5.22 
  3.52      6.33 
  3.54      7.61 
  3.56      5.75 
  3.58      6.95 
  3.60      6.33 
  3.62      5.22 
  3.64      5.22 
  3.66      5.75 
  3.68      3.87 
  3.70      5.22 
  3.72      4.28 
  3.74      5.75 
  3.76      4.73 
  3.78      5.22 
  3.80      5.75 
  3.82      5.75 
  3.84      5.22 
  3.86      5.75 
  3.88      6.95 
  3.90      4.28 
  3.92      5.22 
  3.94      4.73 
  3.96      5.75 
  3.98      4.28 
  4.00      5.75 
  4.02      4.73 
  4.04     16.97 
  4.06    170.15 
  4.08    659.65 
  4.10     44.75 
  4.12      5.75 
  4.14      6.95 
  4.16      6.33 
  4.18      6.33 
  4.20      3.49 
  4.22      3.87 
  4.24      5.75 
  4.26      4.28 
  4.28      6.33 
  4.30      4.73 
  4.32      6.33 
  4.34      4.73 
  4.36      5.22 
  4.38      5.75 
  4.40      5.75 
  4.42      3.49 
  4.44      5.22 
  4.46      3.87 
  4.48      5.22 
  4.50      5.75 
  4.52      4.28 
  4.54      5.22 
  4.56      3.87 
  4.58      5.75 
  4.60      3.49 
  4.62      5.22 
  4.64      6.33 
  4.66     15.79 
  4.68    163.54 
  4.70    481.42 
  4.72     60.53 
  4.74      7.61 
  4.76      5.22 
  4.78      7.61 
  4.80      3.87 
  4.82      4.28 
  4.84      5.22 
  4.86      3.87 
  4.88      5.22 
  4.90      4.28 
  4.92      4.28 
  4.94      4.73 
  4.96      5.22 
  4.98      4.73 
  5.00      4.28 
  5.02      3.49 
  5.04      4.28 
  5.06      4.28 
  5.08      4.28 
  5.10      5.22 
  5.12      3.49 
  5.14      5.22 
  5.16      4.28 
  5.18      6.33 
  5.20      3.49 
  5.22      3.87 
  5.24      3.87 
  5.26      5.75 
  5.28     12.60 
  5.30    382.00 
  5.32    659.65 
  5.34     30.33 
  5.36      4.73 
  5.38      7.61 
  5.40      6.95 
  5.42      3.87 
  5.44      4.73 
  5.46      4.73 
  5.48      3.32 
  5.50      3.87 
  5.52      2.97 
  5.54      5.22 
  5.56      3.14 
  5.58      5.75 
  5.60      4.28 
  5.62      4.73 
  5.64      4.28 
  5.66      4.28 
  5.68      5.22 
  5.70      3.87 
  5.72      3.49 
  5.74      3.87 
  5.76      4.28 
  5.78      3.87 
  5.80      5.22 
  5.82      3.87 
  5.84      4.73 
  5.86      3.87 
  5.88      5.75 
  5.90     36.04 
  5.92    327.81 
  5.94    260.66 
  5.96     12.60 
  5.98      5.75 
  6.00      5.75 
  6.02      3.87 
  6.04      5.75 
  6.06      3.14 
  6.08      5.75 
  6.10      3.32 
  6.12      3.87 
  6.14      3.49 
  6.16      3.87 
  6.18      3.49 
  6.20      3.49 
  6.22      3.49 
  6.24      4.28 
  6.26      4.28 
  6.28      4.73 
  6.30      5.22 
  6.32      3.49 
  6.34      4.28 
  6.36      3.49 
  6.38      4.28 
  6.40      3.49 
  6.60    118.19 
  6.80      4.73 
  7.00      3.32 
  7.20     87.55 
  7.40      2.97 
  7.60      2.97 
  7.80     91.49 
  8.00      2.62 
  8.20     95.56 
  8.40      2.62 
  8.60      2.97 
  8.80     80.07 
  9.00      2.27 
  9.20     87.55 
  9.40      2.27 
  9.60      2.10 
  9.80     80.07 
 10.00      2.45 
 10.20     69.78 
 10.40      2.79 
 10.60      2.10 
 10.80     57.65 
 11.00      2.27 
 11.20     49.63 
 11.40      2.45 
 11.60      2.10 
 11.80     44.75 
 12.00      2.27 
 12.20     32.16 
 12.40      1.92 
 12.60      1.92 
 12.80     25.29 
 13.00      1.57 
 13.20     19.49 
 13.40      1.75 
 13.60      1.92 
 13.80     14.68 
 14.00      1.57 
 14.20     10.74 
 14.40      0.87 
 14.60      1.57 
 14.80      6.95 
 15.00      1.40 
 15.20      3.49 
 15.40      0.87 
 15.60      1.05 
 15.80      3.32 
 16.00      0.87 
 16.20      2.27 
 16.40      1.22 
 16.60      1.40 
 16.80      1.92 
 17.00      0.52 
 17.20      1.57 
 17.40      0.17 
 17.60      0.70 
 17.80      1.22 
 18.00      0.35 
 18.20      0.87 
 18.40     -0.17 
 18.60      0.00 
 18.80      0.70 
 19.00     -0.17 
 19.20      0.52 
 19.40      0.17 
 19.60      0.52 
 19.80      0.70 
 20.00      0.00 
 20.20      0.52 
 20.40      0.17 
 20.60      0.17 
 20.80      0.17 
 21.00      0.17 
 21.20      0.17 
 21.40      0.00 
 21.60      0.35 
 21.80     -0.17 
 22.00      0.00 
 22.20      0.17 
 22.40      0.00 
 22.60     -0.35 
 22.80     -0.17 
 23.00     -0.35 
 23.20     -0.35 
 23.40     -0.52 
 23.60     -1.22 
 23.80     -0.35 
 24.00     -0.87 
 24.20     -0.70 
 24.40     -0.87 
 24.60     -1.05 
 24.80     -0.70 
 25.00     -0.70 
 25.20     -0.70 
 25.40     -1.05 
 25.60     -0.70 
 25.80     -1.05 
 26.00     -1.05 
 26.20     -0.70 
 26.40     -1.05 
 26.60     -0.70 
 26.80     -1.05 
 27.00     -1.22 
 27.20     -0.70 
 27.40     -1.40 
 27.60     -0.87 
 27.80     -1.40 
 28.00     -1.22 
 28.20     -0.87 
 28.40     -1.40 
 28.60     -0.87 
 28.80     -1.40 
 29.00     -1.75 
 29.20     -1.57 
 29.40     -1.57 
 29.60     -0.87 
 29.80     -1.57 
 30.00     -1.40 
 30.20     -1.40 
 30.40     -1.57 
 30.60     -1.22 
 30.80     -1.92 
 31.00     -1.75 
 31.20     -1.40 
 31.40     -1.57 
 31.60     -1.05 
 31.80     -1.22 
 32.00     -1.92 
 32.20     -0.87 
 32.40     -1.75 
 32.60     -1.22 
 32.80     -1.92 
 33.00     -1.75 
 33.20     -0.70 
 33.40     -2.10 
 33.60     -1.05 
 33.80     -1.92 
 34.00     -2.27 
 34.20     -0.52 
 34.40     -2.10 
 34.60     -0.17 
 34.80     -2.10 
 35.00     -2.27 
 35.20     -0.17 
 35.40     -2.27 
 35.60      0.00 
 35.80     -2.10 
 36.00     -2.27 
 36.20      0.52 
 36.40     -2.27 
 36.60      0.70 
 36.80     -2.27 
 37.00     -2.27 
 37.20      1.40 
 37.40     -2.27 
 37.60      1.92 
 37.80     -2.27 
 38.00     -2.27 
 38.20      2.45 
 38.40     -2.27 
 38.60      2.62 
 38.80     -2.27 
 39.00     -2.27 
 39.20      3.49 
 39.40     -2.27 
 39.60      4.28 
 39.80     -2.27 
 40.00     -2.27 
 40.20      7.61 
 40.40     -2.27 
 40.60      8.33 
 40.80     -2.27 
 41.00     -2.27 
 41.20     11.65 
 41.40     -2.27 
 41.60     14.68 
 41.80     -2.27 
 42.00     -2.27 
 42.20     18.20 
 42.40     -2.27 
 42.60     22.26 
 42.80     -2.27 
 43.00     -2.27 
 43.20     25.29 
 43.40     -2.27 
 43.60     28.58 
 43.80     -2.27 
