  0.00     -0.35 
  0.01     -0.35 
  0.02     -0.17 
  0.03      0.00 
  0.04      0.70 
  0.05      0.00 
  0.06      0.35 
  0.07     -1.05 
  0.08     -0.35 
  0.09      0.52 
  0.10      1.05 
  0.11      1.05 
  0.12      1.05 
  0.13      1.05 
  0.14      4.28 
  0.15     -0.17 
  0.16     -0.17 
  0.17     -0.87 
  0.18     -0.70 
  0.19      0.35 
  0.20     -0.17 
  0.21      0.17 
  0.22     -0.35 
  0.23     -0.52 
  0.24      0.17 
  0.25     -0.17 
  0.26      0.17 
  0.27     -0.35 
  0.28      0.00 
  0.29      1.22 
  0.30     -0.17 
  0.31      0.00 
  0.32      0.00 
  0.33      0.00 
  0.34      0.00 
  0.35     -0.17 
  0.36      0.00 
  0.37      0.00 
  0.38     -0.17 
  0.39      0.17 
  0.40     -0.70 
  0.41      0.17 
  0.42     -0.52 
  0.43     -0.52 
  0.44      0.17 
  0.45      0.00 
  0.46      0.00 
  0.47      0.17 
  0.48      0.35 
  0.49      0.00 
  0.50      0.00 
  0.51      0.00 
  0.52     -0.70 
  0.53      0.17 
  0.54      0.52 
  0.55     -0.17 
  0.56      0.00 
  0.57     -0.17 
  0.58      0.52 
  0.59      0.00 
  0.60      0.52 
  0.61     -0.17 
  0.62     -0.35 
  0.63     -0.17 
  0.64      0.70 
  0.65     -0.87 
  0.66      0.00 
  0.67      0.17 
  0.68     -0.52 
  0.69      0.52 
  0.70     -0.35 
  0.71      0.00 
  0.72      0.00 
  0.73     -0.17 
  0.74      0.17 
  0.75     -0.35 
  0.76      0.17 
  0.77     -0.17 
  0.78     -0.35 
  0.79      0.70 
  0.80     -0.35 
  0.81      0.35 
  0.82      0.00 
  0.83      0.00 
  0.84      0.70 
  0.85     -0.52 
  0.86      0.00 
  0.87     -0.17 
  0.88     -0.35 
  0.89      0.70 
  0.90     -0.35 
  0.91      0.00 
  0.92     -0.17 
  0.93     -0.17 
  0.94      0.52 
  0.95      0.00 
  0.96      0.35 
  0.97     -0.70 
  0.98     -0.35 
  0.99      0.52 
  1.00     -0.35 
  1.01      0.17 
  1.02     -0.35 
  1.03     -0.52 
  1.04      0.70 
  1.05     -0.17 
  1.06      0.17 
  1.07     -0.17 
  1.08      0.00 
  1.09      0.35 
  1.10      0.35 
  1.11     -0.35 
  1.12     -0.70 
  1.13      0.17 
  1.14      0.17 
  1.15      0.00 
  1.16      0.00 
  1.17     -0.17 
  1.18     -0.35 
  1.19      0.35 
  1.20      0.00 
  1.21      0.17 
  1.22     -0.52 
  1.23     -0.52 
  1.24      0.70 
  1.25     -0.35 
  1.26     -0.17 
  1.27      0.35 
  1.28      0.17 
  1.29      0.00 
  1.30      0.35 
  1.31      0.00 
  1.32     -0.87 
  1.33      0.00 
  1.34      0.70 
  1.35      0.00 
  1.36      0.00 
  1.37     -0.17 
  1.38     -0.17 
  1.39      0.35 
  1.40     -0.35 
  1.41      0.17 
  1.42      0.00 
  1.43     -0.87 
  1.44      0.52 
  1.45     -0.35 
  1.46     -0.17 
  1.47      0.17 
  1.48     -0.17 
  1.49      0.35 
  1.50     -0.35 
  1.51      0.17 
  1.52      0.00 
  1.53     -0.87 
  1.54      0.52 
  1.55     -0.35 
  1.56      0.00 
  1.57     -0.17 
  1.58     -0.52 
  1.59      0.70 
  1.60     -0.52 
  1.61      0.70 
  1.62     -0.17 
  1.63     -0.35 
  1.64      0.70 
  1.65     -0.17 
  1.66      0.87 
  1.67     -0.70 
  1.68      0.00 
  1.69      0.35 
  1.70      0.00 
  1.71      0.00 
  1.72     -0.17 
  1.73     -0.35 
  1.74      0.52 
  1.75     -0.35 
  1.76      0.35 
  1.77     -0.17 
  1.78     -0.52 
  1.79      0.35 
  1.80     -0.17 
  1.81      0.00 
  1.82     -0.35 
  1.83     -0.35 
  1.84      0.70 
  1.85     -0.52 
  1.86      0.17 
  1.87      0.00 
  1.88     -0.17 
  1.89      0.00 
  1.90      0.17 
  1.91     -0.52 
  1.92     -0.35 
  1.93      0.35 
  1.94      0.17 
  1.95      0.00 
  1.96      0.00 
  1.97     -0.17 
  1.98     -0.17 
  1.99      0.52 
  2.00     -0.70 
  2.01      0.17 
  2.02      0.00 
  2.03     -0.70 
  2.04      0.70 
  2.05     -0.17 
  2.06     -0.17 
  2.07      0.00 
  2.08      0.00 
  2.09      0.35 
  2.10     -0.17 
  2.11     -0.17 
  2.12     -0.35 
  2.13     -0.52 
  2.14      0.35 
  2.15     -0.17 
  2.16      0.00 
  2.17     -0.35 
  2.18      0.00 
  2.19      0.52 
  2.20     -0.52 
  2.21      0.35 
  2.22      0.17 
  2.23     -1.05 
  2.24      0.52 
  2.25     -0.35 
  2.26      0.00 
  2.27     -0.35 
  2.28      0.00 
  2.29      0.52 
  2.30      0.35 
  2.31     -0.35 
  2.32     -0.35 
  2.33     -0.35 
  2.34      0.52 
  2.35     -0.35 
  2.36      0.52 
  2.37     -0.52 
  2.38     -0.35 
  2.39      0.87 
  2.40     -0.17 
  2.41      0.35 
  2.42     -0.17 
  2.43     -0.35 
  2.44      0.70 
  2.45     -0.17 
  2.46      0.52 
  2.47     -0.17 
  2.48      0.00 
  2.49      0.52 
  2.50     -0.17 
  2.51      0.17 
  2.52     -0.70 
  2.53      0.35 
  2.54      0.17 
  2.55      0.00 
  2.56     -0.17 
  2.57     -0.17 
  2.58     -0.35 
  2.59      0.35 
  2.60     -0.17 
  2.61      0.00 
  2.62     -0.17 
  2.63     -0.70 
  2.64      0.52 
  2.65     -0.35 
  2.66      0.00 
  2.67      0.00 
  2.68      0.17 
  2.69      0.00 
  2.70      0.00 
  2.71      0.17 
  2.72     -0.87 
  2.73      0.17 
  2.74      0.35 
  2.75     -0.35 
  2.76      0.00 
  2.77     -0.52 
  2.78      0.17 
  2.79      0.52 
  2.80      0.00 
  2.81      0.17 
  2.82     -0.17 
  2.83     -0.52 
  2.84      0.52 
  2.85     -0.70 
  2.86     -0.17 
  2.87      0.35 
  2.88     -0.17 
  2.89      0.52 
  2.90     -1.05 
  2.91      0.00 
  2.92      0.00 
  2.93     -0.35 
  2.94      0.17 
  2.95     -0.17 
  2.96      0.17 
  2.97     -0.52 
  2.98     -0.52 
  2.99      0.87 
  3.00     -0.52 
  3.01      0.35 
  3.02      0.00 
  3.03     -0.35 
  3.04      0.87 
  3.05     -0.35 
  3.06      0.17 
  3.07     -0.17 
  3.08     -0.17 
  3.09      0.87 
  3.10      0.00 
  3.11      0.00 
  3.12     -0.17 
  3.13     -0.17 
  3.14      0.70 
  3.15      0.00 
  3.16      0.35 
  3.17     -0.87 
  3.18     -0.17 
  3.19      0.52 
  3.20     -0.17 
  3.21      0.17 
  3.22      0.00 
  3.23     -0.35 
  3.24      0.35 
  3.25     -0.35 
  3.26     -0.17 
  3.27     -0.52 
  3.28      0.35 
  3.29      0.17 
  3.30      0.35 
  3.31     -0.52 
  3.32     -0.35 
  3.33      0.17 
  3.34      0.35 
  3.35      0.00 
  3.36      0.17 
  3.37     -0.17 
  3.38     -0.17 
  3.39      0.52 
  3.40      0.17 
  3.41     -0.52 
  3.42     -0.17 
  3.43     -0.17 
  3.44      0.52 
  3.45     -0.17 
  3.46      0.00 
  3.47      0.35 
  3.48     -0.35 
  3.49      0.35 
  3.50     -0.17 
  3.51      0.17 
  3.52     -0.35 
  3.53     -0.35 
  3.54      0.35 
  3.55     -0.52 
  3.56      0.17 
  3.57     -0.70 
  3.58      0.00 
  3.59      0.70 
  3.60     -0.17 
  3.61      0.17 
  3.62      0.17 
  3.63     -0.70 
  3.64      0.87 
  3.65     -0.35 
  3.66      0.17 
  3.67      0.17 
  3.68      0.00 
  3.69      0.70 
  3.70     -0.17 
  3.71      0.17 
  3.72      0.35 
  3.73     -0.52 
  3.74      0.35 
  3.75     -0.17 
  3.76      0.00 
  3.77     -0.52 
  3.78      0.17 
  3.79      0.87 
  3.80     -0.17 
  3.81      0.35 
  3.82     -0.70 
  3.83     -0.70 
  3.84      0.52 
  3.85     -0.35 
  3.86      0.00 
  3.87      0.35 
  3.88     -0.35 
  3.89      0.70 
  3.90     -0.17 
  3.91      0.00 
  3.92     -0.17 
  3.93      0.35 
  3.94      0.00 
  3.95      0.35 
  3.96     -0.17 
  3.97     -0.17 
  3.98      0.17 
  3.99      0.70 
  4.00     -0.17 
  4.01     -0.35 
  4.02      0.17 
  4.03      0.17 
  4.04      0.00 
  4.05     -0.17 
  4.06      0.00 
  4.07     -0.17 
  4.08      0.17 
  4.09      0.70 
  4.10     -0.35 
  4.11     -0.35 
  4.12     -0.35 
  4.13     -0.70 
  4.14      0.17 
  4.15     -0.35 
  4.16      0.00 
  4.17     -0.52 
  4.18     -0.17 
  4.19      0.70 
  4.20      0.00 
  4.21      0.17 
  4.22      0.00 
  4.23     -0.35 
  4.24      0.52 
  4.25     -0.87 
  4.26      0.17 
  4.27      0.00 
  4.28     -0.17 
  4.29      0.87 
  4.30      0.00 
  4.31      0.00 
  4.32     -0.17 
  4.33     -0.35 
  4.34      0.70 
  4.35     -0.52 
  4.36      0.00 
  4.37      0.17 
  4.38     -0.35 
  4.39      0.70 
  4.40      0.00 
  4.41      0.17 
  4.42     -0.70 
  4.43     -0.17 
  4.44      0.35 
  4.45     -0.17 
  4.46     -0.17 
  4.47     -0.17 
  4.48     -0.17 
  4.49      0.52 
  4.50     -0.52 
  4.51      0.17 
  4.52     -0.35 
  4.53     -0.17 
  4.54      0.52 
  4.55      0.35 
  4.56     -0.35 
  4.57     -0.52 
  4.58      0.35 
  4.59      0.52 
  4.60      0.17 
  4.61      0.00 
  4.62     -0.35 
  4.63      0.00 
  4.64      0.52 
  4.65      0.00 
  4.66     -0.35 
  4.67     -0.17 
  4.68     -0.17 
  4.69      0.52 
  4.70     -0.17 
  4.71      0.00 
  4.72      0.52 
  4.73     -0.35 
  4.74      0.52 
  4.75     -0.52 
  4.76      0.00 
  4.77     -0.17 
  4.78     -0.17 
  4.79      0.35 
  4.80     -0.17 
  4.81      0.17 
  4.82     -0.70 
  4.83     -0.17 
  4.84      0.52 
  4.85     -0.17 
  4.86      0.17 
  4.87      0.17 
  4.88     -0.52 
  4.89      1.05 
  4.90     -0.35 
  4.91      0.17 
  4.92      0.17 
  4.93     -0.17 
  4.94      0.17 
  4.95     -0.52 
  4.96     -0.17 
  4.97      0.70 
  4.98     -0.17 
  4.99      0.35 
  5.00     -0.17 
  5.01      0.00 
  5.02     -0.70 
  5.03      0.17 
  5.04      0.70 
  5.05     -0.17 
  5.06      0.00 
  5.07     -0.52 
  5.08     -0.52 
  5.09      0.70 
  5.10     -0.17 
  5.11      0.00 
  5.12      0.17 
  5.13     -0.70 
  5.14      0.52 
  5.15     -0.35 
  5.16      0.00 
  5.17     -0.17 
  5.18      0.35 
  5.19      0.35 
  5.20      0.00 
  5.21      0.00 
  5.22     -0.52 
  5.23      0.00 
  5.24      0.52 
  5.25     -0.17 
  5.26     -0.17 
  5.27     -0.17 
  5.28      0.17 
  5.29      0.17 
  5.30      0.17 
  5.31     -0.17 
  5.32     -0.35 
  5.33     -0.17 
  5.34      0.70 
  5.35     -0.87 
  5.36      0.00 
  5.37      0.17 
  5.38     -0.52 
  5.39      0.52 
  5.40      0.17 
  5.41     -0.35 
  5.42     -0.70 
  5.43      0.52 
  5.44     -0.17 
  5.45      0.00 
  5.46      0.00 
  5.47     -0.17 
  5.48      0.00 
  5.49      1.05 
  5.50     -0.70 
  5.51      0.52 
  5.52     -0.35 
  5.53     -0.35 
  5.54      1.05 
  5.55     -0.17 
  5.56      0.17 
  5.57     -0.35 
  5.58     -0.17 
  5.59      0.87 
  5.60      0.00 
  5.61      0.17 
  5.62      0.00 
  5.63     -0.35 
  5.64      0.35 
  5.65      0.35 
  5.66     -0.17 
  5.67     -0.87 
  5.68      0.00 
  5.69      0.17 
  5.70     -0.17 
  5.71      0.00 
  5.72     -0.17 
  5.73     -0.17 
  5.74      0.70 
  5.75     -0.87 
  5.76      0.00 
  5.77      0.00 
  5.78     -0.35 
  5.79      0.70 
  5.80      0.35 
  5.81     -0.35 
  5.82     -0.52 
  5.83      0.17 
  5.84      0.70 
  5.85      0.00 
  5.86      0.00 
  5.87     -0.35 
  5.88     -0.17 
  5.89      0.52 
  5.90      0.17 
  5.91      0.17 
  5.92     -0.35 
  5.93     -0.17 
  5.94      0.52 
  5.95     -0.70 
  5.96      0.17 
  5.97      0.17 
  5.98     -0.87 
  5.99      0.52 
  6.00     -0.35 
  6.01     -0.17 
  6.02     -0.17 
  6.03      0.00 
  6.04      0.35 
  6.05     -0.17 
  6.06     -0.17 
  6.07     -0.17 
  6.08     -0.35 
  6.09      0.70 
  6.10     -0.17 
  6.11      0.52 
  6.12     -0.70 
  6.13     -0.17 
  6.14      0.70 
  6.15     -1.05 
  6.16      0.35 
  6.17     -0.17 
  6.18     -0.35 
  6.19      0.52 
  6.20     -0.17 
  6.21      0.35 
  6.22     -0.70 
  6.23     -0.17 
  6.24      0.70 
  6.25     -0.35 
  6.26     -0.17 
  6.27     -0.52 
  6.28      0.17 
  6.29      0.17 
  6.30      0.52 
  6.31     -0.35 
  6.32      0.00 
  6.33      0.00 
  6.34      0.70 
  6.35     -0.35 
  6.36      0.17 
  6.37      0.00 
  6.38     -0.70 
  6.39      0.52 
  6.40     -0.17 
  6.50     -0.52 
  6.60      0.00 
  6.70      1.57 
  6.80      0.00 
  6.90      0.00 
  7.00     -0.70 
  7.10     -0.35 
  7.20      0.00 
  7.30     -0.17 
  7.40      0.00 
  7.50     -0.52 
  7.60     -0.17 
  7.70      0.00 
  7.80     -0.35 
  7.90      0.00 
  8.00     -0.70 
  8.10      0.00 
  8.20     -0.17 
  8.30     -0.35 
  8.40     -0.17 
  8.50     -0.70 
  8.60      0.00 
  8.70     -0.52 
  8.80     -0.17 
  8.90      0.00 
  9.00     -0.52 
  9.10     -0.17 
  9.20     -0.52 
  9.30     -0.35 
  9.40     -0.17 
  9.50     -0.52 
  9.60      0.00 
  9.70     -0.52 
  9.80     -0.17 
  9.90      0.00 
 10.00     -0.35 
 10.10     -0.17 
 10.20     -0.70 
 10.30     -0.52 
 10.40     -0.17 
 10.50     -0.17 
 10.60     -0.52 
 10.70     -0.70 
 10.80     -0.35 
 10.90     -0.70 
 11.00     -0.52 
 11.10     -0.52 
 11.20     -1.05 
 11.30     -0.35 
 11.40     -0.70 
 11.50     -0.17 
 11.60     -0.52 
 11.70     -0.52 
 11.80     -0.52 
 11.90     -0.52 
 12.00     -0.52 
 12.10     -0.35 
 12.20     -0.70 
 12.30     -0.35 
 12.40     -0.52 
 12.50     -0.52 
 12.60     -0.52 
 12.70     -0.35 
 12.80     -0.35 
 12.90     -0.35 
 13.00     -0.35 
 13.10     -0.35 
 13.20     -0.17 
 13.30     -0.35 
 13.40     -0.17 
 13.50     -0.35 
 13.60     -0.70 
 13.70      0.00 
 13.80     -0.35 
 13.90     -0.17 
 14.00     -0.35 
 14.10     -0.35 
 14.20     -0.17 
 14.30     -0.52 
 14.40     -0.35 
 14.50     -0.35 
 14.60     -0.52 
 14.70     -0.17 
 14.80     -0.87 
 14.90     -0.52 
 15.00     -0.52 
 15.10     -0.17 
 15.20     -0.52 
 15.30     -0.70 
 15.40     -0.17 
 15.50     -0.35 
 15.60     -0.17 
 15.70      0.00 
 15.80     -0.52 
 15.90     -0.17 
 16.00      0.00 
 16.10     -0.70 
 16.20     -0.52 
 16.30     -0.17 
 16.40     -0.35 
 16.50     -0.17 
 16.60     -0.52 
 16.70     -0.17 
 16.80     -0.35 
 16.90     -0.17 
 17.00      0.00 
 17.10     -0.35 
 17.20     -0.52 
 17.30      0.00 
 17.40     -0.35 
 17.50     -0.52 
 17.60     -0.17 
 17.70     -0.87 
 17.80      0.00 
 17.90     -0.52 
 18.00     -0.52 
 18.10     -0.17 
 18.20     -0.70 
 18.30     -0.17 
 18.40     -0.17 
 18.50     -0.87 
 18.60     -0.52 
 18.70     -0.17 
 18.80     -0.52 
 18.90     -0.35 
 19.00     -0.35 
 19.10     -0.52 
 19.20      0.00 
 19.30     -0.70 
 19.40     -0.52 
 19.50     -0.17 
 19.60     -0.35 
 19.70     -0.35 
 19.80     -0.87 
 19.90     -0.17 
 20.00     -0.35 
 20.10     -0.35 
 20.20     -0.35 
 20.30     -0.70 
 20.40     -0.35 
 20.50     -0.52 
 20.60     -0.17 
 20.70     -0.35 
 20.80     -0.52 
 20.90     -0.17 
 21.00     -0.35 
 21.10     -0.52 
 21.20     -0.52 
 21.30     -0.35 
 21.40      0.17 
 21.50     -0.35 
 21.60     -0.17 
 21.70     -0.70 
 21.80     -0.17 
 21.90     -0.17 
 22.00     -0.17 
 22.10     -0.17 
 22.20     -0.52 
 22.30      0.00 
 22.40     -0.70 
 22.50     -0.35 
 22.60     -0.17 
 22.70     -0.52 
 22.80      0.00 
 22.90     -0.70 
 23.00     -0.35 
 23.10     -0.35 
 23.20     -0.35 
 23.30     -0.35 
 23.40     -0.87 
 23.50     -0.17 
 23.60     -0.52 
 23.70     -0.35 
 23.80     -0.87 
 23.90     -0.52 
 24.00     -0.70 
 24.10     -0.70 
 24.20     -0.87 
 24.30     -0.17 
 24.40     -0.70 
 24.50     -0.35 
 24.60     -0.35 
 24.70     -0.70 
 24.80     -0.35 
 24.90      0.00 
 25.00     -0.17 
 25.10      0.00 
 25.20     -0.35 
 25.30     -0.52 
 25.40      0.00 
 25.50     -0.35 
 25.60     -0.35 
 25.70     -0.17 
 25.80     -0.35 
 25.90     -0.17 
 26.00     -0.70 
 26.10     -0.70 
 26.20     -0.52 
 26.30     -0.17 
 26.40     -0.17 
 26.50     -0.52 
 26.60     -0.35 
 26.70     -0.17 
 26.80     -0.17 
 26.90     -0.17 
 27.00     -0.52 
 27.10     -0.17 
 27.20      0.17 
 27.30     -0.35 
 27.40     -0.35 
 27.50     -0.35 
 27.60     -0.35 
 27.70     -0.35 
 27.80     -0.52 
 27.90     -0.17 
 28.00      0.00 
 28.10     -0.35 
 28.20      0.00 
 28.30     -0.17 
 28.40     -0.70 
 28.50      0.00 
 28.60     -0.35 
 28.70     -0.35 
 28.80     -0.35 
 28.90     -0.70 
 29.00     -0.17 
 29.10     -0.35 
 29.20     -0.70 
 29.30     -0.70 
 29.40     -0.35 
 29.50      0.00 
 29.60     -0.52 
 29.70     -0.52 
 29.80     -0.52 
 29.90     -0.17 
 30.00     -0.70 
 30.10     -0.35 
 30.20     -0.17 
 30.30     -0.35 
 30.40      0.00 
 30.50     -0.87 
 30.60     -0.35 
 30.70     -0.35 
 30.80     -0.35 
 30.90     -0.35 
 31.00     -0.87 
 31.10     -0.35 
 31.20     -0.52 
 31.30     -0.17 
 31.40     -0.35 
 31.50     -0.17 
 31.60     -0.35 
 31.70     -0.35 
 31.80     -0.35 
 31.90     -0.17 
 32.00     -0.52 
 32.10      0.35 
 32.20     -0.52 
 32.30     -0.52 
 32.40     -0.52 
 32.50     -0.17 
 32.60      0.00 
 32.70     -0.17 
 32.80     -0.17 
 32.90     -0.52 
 33.00      0.17 
 33.10     -0.52 
 33.20     -0.35 
 33.30      0.00 
 33.40     -0.52 
 33.50      0.17 
 33.60     -0.52 
 33.70     -0.17 
 33.80      0.17 
 33.90     -0.35 
 34.00     -0.52 
 34.10     -0.70 
 34.20     -0.35 
 34.30     -0.70 
 34.40     -0.35 
 34.50     -0.35 
 34.60     -0.87 
 34.70     -0.52 
 34.80     -0.70 
 34.90     -0.52 
 35.00     -0.35 
 35.10     -0.52 
 35.20     -0.52 
 35.30     -0.52 
 35.40     -0.52 
 35.50     -0.70 
 35.60     -0.52 
 35.70     -0.17 
 35.80     -0.35 
 35.90     -0.52 
 36.00     -0.35 
 36.10      0.00 
 36.20     -0.35 
 36.30     -0.17 
 36.40     -0.35 
 36.50     -0.35 
 36.60      0.17 
 36.70     -0.35 
 36.80     -0.17 
 36.90     -0.35 
 37.00     -0.52 
 37.10      0.00 
 37.20     -0.70 
 37.30     -0.70 
 37.40     -0.17 
 37.50     -0.17 
 37.60     -0.52 
 37.70     -0.70 
 37.80     -0.35 
 37.90     -0.35 
 38.00     -0.17 
 38.10     -0.35 
 38.20     -0.52 
 38.30     -0.35 
 38.40      0.00 
 38.50     -0.35 
 38.60     -0.35 
 38.70      0.00 
 38.80     -0.52 
 38.90      0.00 
 39.00     -0.52 
 39.10     -0.35 
 39.20      0.00 
 39.30     -0.35 
 39.40      0.00 
 39.50     -0.17 
 39.60     -0.87 
 39.70     -0.17 
 39.80     -0.35 
 39.90     -0.35 
 40.00     -0.52 
 40.10     -0.70 
 40.20      0.00 
 40.30     -0.52 
 40.40     -0.70 
 40.50     -0.52 
 40.60     -0.35 
 40.70      0.00 
 40.80     -0.52 
 40.90     -0.52 
 41.00     -0.52 
 41.10      0.00 
 41.20     -0.70 
 41.30     -0.87 
 41.40     -0.35 
 41.50     -0.52 
 41.60     -0.17 
 41.70     -0.87 
 41.80     -0.35 
 41.90     -0.17 
 42.00     -0.17 
 42.10     -0.35 
 42.20     -0.87 
 42.30     -0.17 
 42.40     -0.52 
 42.50      0.00 
 42.60     -0.35 
 42.70     -0.70 
 42.80     -0.17 
 42.90     -0.52 
 43.00     -0.35 
 43.10     -0.17 
 43.20     -0.52 
 43.30      0.00 
 43.40     -0.35 
 43.50     -0.35 
 43.60     -0.52 
 43.70     -0.35 
 43.80      0.00 
 43.90     -0.17 
 44.00     -0.17 
 44.10     -0.70 
