  0.00     -0.17 
  0.02     -0.17 
  0.04      0.17 
  0.06      0.00 
  0.08      0.17 
  0.10      0.87 
  0.12      1.05 
  0.14      1.92 
  0.16      0.00 
  0.18      0.17 
  0.20     -0.35 
  0.22      0.35 
  0.24      0.35 
  0.26      0.17 
  0.28      0.87 
  0.30      0.00 
  0.32     -0.17 
  0.34      0.35 
  0.36     -0.35 
  0.38      0.52 
  0.40      0.00 
  0.42      0.00 
  0.44      0.35 
  0.46      0.00 
  0.48      0.35 
  0.50     -0.17 
  0.52      0.00 
  0.54      0.17 
  0.56     -0.17 
  0.58      0.17 
  0.60      0.00 
  0.62      0.00 
  0.64      0.17 
  0.66      0.35 
  0.68      0.17 
  0.70      0.35 
  0.72      0.17 
  0.74      0.70 
  0.76      0.00 
  0.78      0.35 
  0.80      0.35 
  0.82     -0.17 
  0.84      0.17 
  0.86      0.17 
  0.88      0.35 
  0.90      0.17 
  0.92     -0.35 
  0.94      0.35 
  0.96      0.00 
  0.98      0.35 
  1.00      0.52 
  1.02      0.17 
  1.04      0.87 
  1.06      0.35 
  1.08      0.70 
  1.10      0.17 
  1.12      0.00 
  1.14      0.87 
  1.16      0.17 
  1.18      0.52 
  1.20      0.35 
  1.22      0.35 
  1.24      0.87 
  1.26      0.35 
  1.28      0.87 
  1.30      0.70 
  1.32      0.35 
  1.34      0.87 
  1.36      0.52 
  1.38      0.87 
  1.40      0.70 
  1.42      0.52 
  1.44      0.70 
  1.46      0.35 
  1.48      0.52 
  1.50      0.87 
  1.52      0.70 
  1.54      0.70 
  1.56      0.70 
  1.58      0.87 
  1.60      0.70 
  1.62      0.70 
  1.64      0.87 
  1.66      0.70 
  1.68      1.22 
  1.70      0.87 
  1.72      0.70 
  1.74      0.87 
  1.76      1.05 
  1.78      1.40 
  1.80      0.87 
  1.82      1.05 
  1.84      1.05 
  1.86      1.05 
  1.88      1.05 
  1.90      1.22 
  1.92      0.35 
  1.94      1.40 
  1.96      1.05 
  1.98      1.05 
  2.00      1.05 
  2.02      0.87 
  2.04      1.57 
  2.06      0.52 
  2.08      1.75 
  2.10      1.75 
  2.12      1.22 
  2.14      1.40 
  2.16      1.40 
  2.18      1.75 
  2.20      1.92 
  2.22      1.40 
  2.24      1.57 
  2.26      1.40 
  2.28      1.75 
  2.30      1.57 
  2.32      1.57 
  2.34      1.92 
  2.36      1.57 
  2.38      1.57 
  2.40      1.57 
  2.42      1.57 
  2.44      1.92 
  2.46      2.10 
  2.48      1.92 
  2.50      1.57 
  2.52      1.57 
  2.54      1.57 
  2.56      1.05 
  2.58      2.45 
  2.60      2.10 
  2.62      1.75 
  2.64      2.45 
  2.66      2.27 
  2.68      2.27 
  2.70      2.27 
  2.72      1.92 
  2.74      2.27 
  2.76      1.75 
  2.78      2.27 
  2.80      1.92 
  2.82      1.75 
  2.84      2.10 
  2.86      2.27 
  2.88      2.27 
  2.90      1.92 
  2.92      1.75 
  2.94      1.92 
  2.96      2.10 
  2.98      2.62 
  3.00      2.27 
  3.02      1.92 
  3.04      2.27 
  3.06      2.62 
  3.08      2.62 
  3.10      2.27 
  3.12      2.27 
  3.14      2.27 
  3.16      1.75 
  3.18      2.45 
  3.20      2.62 
  3.22      2.27 
  3.24      2.45 
  3.26      2.62 
  3.28      2.62 
  3.30      2.10 
  3.32      2.27 
  3.34      2.45 
  3.36      2.62 
  3.38      2.45 
  3.40      2.62 
  3.42      2.10 
  3.44      2.27 
  3.46      2.62 
  3.48      2.62 
  3.50      2.79 
  3.52      2.62 
  3.54      2.62 
  3.56      2.79 
  3.58      2.45 
  3.60      2.97 
  3.62      2.10 
  3.64      2.45 
  3.66      2.62 
  3.68      2.79 
  3.70      2.62 
  3.72      2.62 
  3.74      3.32 
  3.76      2.97 
  3.78      2.79 
  3.80      2.97 
  3.82      2.97 
  3.84      2.79 
  3.86      2.62 
  3.88      3.14 
  3.90      3.32 
  3.92      2.79 
  3.94      3.32 
  3.96      3.87 
  3.98      3.87 
  4.00      2.97 
  4.02      3.32 
  4.04      3.14 
  4.06      3.32 
  4.08      2.97 
  4.10      3.49 
  4.12      2.79 
  4.14      3.49 
  4.16      4.28 
  4.18      4.73 
  4.20      4.28 
  4.22      4.28 
  4.24      3.87 
  4.26      4.73 
  4.28      3.87 
  4.30      3.49 
  4.32      4.28 
  4.34      3.87 
  4.36      3.87 
  4.38      3.87 
  4.40      4.73 
  4.42      5.22 
  4.44      6.33 
  4.46      4.73 
  4.48      7.61 
  4.50      4.73 
  4.52      6.33 
  4.54      5.75 
  4.56      5.22 
  4.58      5.22 
  4.60      6.33 
  4.62      4.28 
  4.64      6.95 
  4.66      5.22 
  4.68      7.61 
  4.70      8.33 
  4.72      5.22 
  4.74      6.95 
  4.76      6.33 
  4.78      7.61 
  4.80      5.75 
  4.82      6.33 
  4.84      6.95 
  4.86      6.33 
  4.88      6.95 
  4.90      6.95 
  4.92      6.95 
  4.94      9.08 
  4.96      6.95 
  4.98      8.33 
  5.00      8.33 
  5.02      6.95 
  5.04      9.08 
  5.06      7.61 
  5.08      9.89 
  5.10      7.61 
  5.12      8.33 
  5.14      8.33 
  5.16      9.08 
  5.18      9.08 
  5.20      7.61 
  5.22      7.61 
  5.24      9.08 
  5.26      8.33 
  5.28     10.74 
  5.30      9.89 
  5.32      9.08 
  5.34     12.60 
  5.36      9.08 
  5.38     12.60 
  5.40     10.74 
  5.42      9.89 
  5.44      9.89 
  5.46     11.65 
  5.48     11.65 
  5.50      9.08 
  5.52     12.60 
  5.54     10.74 
  5.56     11.65 
  5.58     11.65 
  5.60     11.65 
  5.62      9.89 
  5.64     11.65 
  5.66     10.74 
  5.68     12.60 
  5.70     12.60 
  5.72     10.74 
  5.74     11.65 
  5.76     11.65 
  5.78     12.60 
  5.80     13.61 
  5.82     14.68 
  5.84     14.68 
  5.86     14.68 
  5.88     16.97 
  5.90     12.60 
  5.92     12.60 
  5.94     12.60 
  5.96     14.68 
  5.98     14.68 
  6.00     14.68 
  6.02     13.61 
  6.04     15.79 
  6.06     13.61 
  6.08     14.68 
  6.10     15.79 
  6.12     13.61 
  6.14     14.68 
  6.16     14.68 
  6.18     15.79 
  6.20     18.20 
  6.22     15.79 
  6.24     19.49 
  6.26     15.79 
  6.28     20.85 
  6.30     15.79 
  6.32     16.97 
  6.34     16.97 
  6.36     18.20 
  6.38     20.85 
  6.40     18.20 
  6.60     22.26 
  6.80     19.49 
  7.00     18.20 
  7.20     23.74 
  7.40     26.90 
  7.60     34.06 
  7.80     40.23 
  8.00     44.75 
  8.20     44.75 
  8.40     52.21 
  8.60     60.53 
  8.80     60.53 
  9.00     73.09 
  9.20     80.07 
  9.40     87.55 
  9.60     87.55 
  9.80     83.75 
 10.00     91.49 
 10.20     87.55 
 10.40     87.55 
 10.60     95.56 
 10.80     87.55 
 11.00     91.49 
 11.20     87.55 
 11.40     87.55 
 11.60     87.55 
 11.80     91.49 
 12.00     91.49 
 12.20     91.49 
 12.40     95.56 
 12.60     99.78 
 12.80    104.15 
 13.00    118.19 
 13.20    118.19 
 13.40    128.38 
 13.60    128.38 
 13.80    139.30 
 14.00    157.16 
 14.20    151.00 
 14.40    163.54 
 14.60    170.15 
 14.80    199.02 
 15.00    199.02 
 15.20    215.07 
 15.40    215.07 
 15.60    241.42 
 15.80    260.66 
 16.00    260.66 
 16.20    292.34 
 16.40    292.34 
 16.60    315.53 
 16.80    327.81 
 17.00    327.81 
 17.20    327.81 
 17.40    353.85 
 17.60    353.85 
 17.80    340.58 
 18.00    367.65 
 18.20    367.65 
 18.40    367.65 
 18.60    367.65 
 18.80    353.85 
 19.00    367.65 
 19.20    353.85 
 19.40    367.65 
 19.60    382.00 
 19.80    367.65 
 20.00    367.65 
 20.20    353.85 
 20.40    367.65 
 20.60    367.65 
 20.80    367.65 
 21.00    353.85 
 21.20    340.58 
 21.40    382.00 
 21.60    340.58 
 21.80    353.85 
 22.00    340.58 
 22.20    340.58 
 22.40    340.58 
 22.60    315.53 
 22.80    327.81 
 23.00    315.53 
 23.20    315.53 
 23.40    292.34 
 23.60    303.71 
 23.80    303.71 
 24.00    303.71 
 24.20    292.34 
 24.40    270.83 
 24.60    292.34 
 24.80    260.66 
 25.00    260.66 
 25.20    250.86 
 25.40    250.86 
 25.60    232.32 
 25.80    223.54 
 26.00    223.54 
 26.20    206.90 
 26.40    199.02 
 26.60    199.02 
 26.80    191.41 
 27.00    184.07 
 27.20    184.07 
 27.40    163.54 
 27.60    163.54 
 27.80    151.00 
 28.00    145.05 
 28.20    133.75 
 28.40    133.75 
 28.60    123.20 
 28.80    113.35 
 29.00    108.67 
 29.20     99.78 
 29.40     99.78 
 29.60     87.55 
 29.80     87.55 
 30.00     73.09 
 30.20     69.78 
 30.40     66.59 
 30.60     60.53 
 30.80     66.59 
 31.00     57.65 
 31.20     60.53 
 31.40     49.63 
 31.60     42.45 
 31.80     40.23 
 32.00     38.09 
 32.20     38.09 
 32.40     36.04 
 32.60     34.06 
 32.80     32.16 
 33.00     26.90 
 33.20     22.26 
 33.40     20.85 
 33.60     19.49 
 33.80     15.79 
 34.00     15.79 
 34.20     14.68 
 34.40     12.60 
 34.60     10.74 
 34.80      9.89 
 35.00      9.89 
 35.20      7.61 
 35.40      6.33 
 35.60      6.95 
 35.80      4.73 
 36.00      5.75 
 36.20      3.49 
 36.40      3.49 
 36.60      3.32 
 36.80      2.79 
 37.00      3.14 
 37.20      2.45 
 37.40      2.27 
 37.60      2.10 
 37.80      1.92 
 38.00      2.10 
 38.20      1.57 
 38.40      1.92 
 38.60      1.22 
 38.80      1.57 
 39.00      1.22 
 39.20      1.05 
 39.40      0.87 
 39.60      0.70 
 39.80      0.52 
 40.00      0.70 
 40.20      0.17 
 40.40      0.00 
 40.60      0.00 
 40.80      0.00 
 41.00     -0.35 
 41.20      0.00 
 41.40     -0.87 
 41.60     -0.52 
 41.80     -0.52 
 42.00     -1.22 
 42.20     -1.05 
 42.40     -0.87 
 42.60     -0.87 
 42.80     -1.40 
 43.00     -1.92 
 43.20     -2.10 
 43.40     -2.10 
 43.60     -2.10 
 43.80     -1.75 
