  0.00     -0.35 
  0.02      0.00 
  0.04      0.17 
  0.06     -0.17 
  0.08      0.35 
  0.10      0.70 
  0.12      0.70 
  0.14      2.97 
  0.16      0.00 
  0.18      0.52 
  0.20      0.52 
  0.22      0.52 
  0.24      1.05 
  0.26      0.35 
  0.28      0.87 
  0.30      0.52 
  0.32      0.52 
  0.34      0.70 
  0.36      0.52 
  0.38      1.05 
  0.40      0.35 
  0.42     -0.17 
  0.44      0.17 
  0.46      0.52 
  0.48      0.70 
  0.50      0.52 
  0.52      0.35 
  0.54      0.35 
  0.56      0.52 
  0.58      0.87 
  0.60      0.70 
  0.62      0.52 
  0.64      0.87 
  0.66      0.70 
  0.68      0.70 
  0.70      0.70 
  0.72      0.52 
  0.74      0.87 
  0.76      0.35 
  0.78      0.87 
  0.80      0.70 
  0.82      0.52 
  0.84      0.70 
  0.86      0.70 
  0.88      0.87 
  0.90      0.35 
  0.92      0.52 
  0.94      0.35 
  0.96      0.35 
  0.98      0.87 
  1.00      0.87 
  1.02      0.52 
  1.04      0.70 
  1.06      0.87 
  1.08      0.52 
  1.10      0.87 
  1.12      0.52 
  1.14      0.87 
  1.16      0.35 
  1.18      0.70 
  1.20      1.05 
  1.22      0.52 
  1.24      1.05 
  1.26      0.52 
  1.28      0.87 
  1.30      0.87 
  1.32      0.52 
  1.34      1.05 
  1.36      0.52 
  1.38      0.70 
  1.40      1.05 
  1.42      0.52 
  1.44      1.22 
  1.46      0.70 
  1.48      1.22 
  1.50      1.05 
  1.52      1.05 
  1.54      0.70 
  1.56      0.87 
  1.58      1.22 
  1.60      1.22 
  1.62      1.05 
  1.64      1.22 
  1.66      1.22 
  1.68      1.22 
  1.70      0.87 
  1.72      0.70 
  1.74      1.22 
  1.76      0.70 
  1.78      1.40 
  1.80      1.22 
  1.82      0.70 
  1.84      1.05 
  1.86      0.87 
  1.88      1.22 
  1.90      1.22 
  1.92      1.05 
  1.94      1.22 
  1.96      1.22 
  1.98      1.57 
  2.00      0.87 
  2.02      0.87 
  2.04      1.40 
  2.06      1.22 
  2.08      1.57 
  2.10      1.05 
  2.12      1.05 
  2.14      1.05 
  2.16      1.40 
  2.18      1.05 
  2.20      1.05 
  2.22      0.87 
  2.24      1.75 
  2.26      1.40 
  2.28      2.10 
  2.30      1.40 
  2.32      1.05 
  2.34      1.22 
  2.36      1.22 
  2.38      1.22 
  2.40      1.40 
  2.42      1.40 
  2.44      1.92 
  2.46      1.40 
  2.48      2.10 
  2.50      1.40 
  2.52      1.22 
  2.54      1.92 
  2.56      1.22 
  2.58      1.57 
  2.60      1.22 
  2.62      1.75 
  2.64      0.87 
  2.66      1.40 
  2.68      1.40 
  2.70      1.57 
  2.72      0.87 
  2.74      1.92 
  2.76      1.40 
  2.78      1.92 
  2.80      1.57 
  2.82      2.10 
  2.84      1.92 
  2.86      1.75 
  2.88      1.57 
  2.90      1.75 
  2.92      1.22 
  2.94      2.10 
  2.96      1.22 
  2.98      2.27 
  3.00      1.92 
  3.02      1.92 
  3.04      2.10 
  3.06      1.92 
  3.08      1.92 
  3.10      1.92 
  3.12      1.57 
  3.14      2.45 
  3.16      2.10 
  3.18      2.27 
  3.20      2.10 
  3.22      2.10 
  3.24      1.75 
  3.26      2.27 
  3.28      1.57 
  3.30      1.92 
  3.32      1.92 
  3.34      2.10 
  3.36      2.10 
  3.38      2.62 
  3.40      2.10 
  3.42      1.92 
  3.44      2.45 
  3.46      2.27 
  3.48      2.62 
  3.50      2.45 
  3.52      1.92 
  3.54      2.97 
  3.56      1.92 
  3.58      2.62 
  3.60      1.92 
  3.62      2.45 
  3.64      2.45 
  3.66      2.45 
  3.68      2.62 
  3.70      2.62 
  3.72      2.45 
  3.74      2.97 
  3.76      2.97 
  3.78      2.97 
  3.80      2.45 
  3.82      2.79 
  3.84      2.27 
  3.86      2.45 
  3.88      2.10 
  3.90      2.62 
  3.92      2.62 
  3.94      2.97 
  3.96      2.45 
  3.98      2.79 
  4.00      2.97 
  4.02      2.79 
  4.04      2.27 
  4.06      2.79 
  4.08      2.45 
  4.10      2.79 
  4.12      2.27 
  4.14      3.32 
  4.16      2.62 
  4.18      2.62 
  4.20      2.62 
  4.22      3.14 
  4.24      3.14 
  4.26      3.14 
  4.28      2.45 
  4.30      2.79 
  4.32      2.27 
  4.34      2.97 
  4.36      2.62 
  4.38      2.97 
  4.40      3.14 
  4.42      3.32 
  4.44      3.32 
  4.46      3.49 
  4.48      2.97 
  4.50      2.79 
  4.52      2.62 
  4.54      3.14 
  4.56      3.14 
  4.58      3.14 
  4.60      3.49 
  4.62      2.97 
  4.64      3.14 
  4.66      3.87 
  4.68      3.32 
  4.70      2.79 
  4.72      2.62 
  4.74      2.79 
  4.76      3.32 
  4.78      3.49 
  4.80      3.14 
  4.82      3.32 
  4.84      3.49 
  4.86      4.28 
  4.88      3.87 
  4.90      3.32 
  4.92      3.14 
  4.94      3.14 
  4.96      3.49 
  4.98      3.49 
  5.00      3.87 
  5.02      3.14 
  5.04      3.87 
  5.06      3.49 
  5.08      5.22 
  5.10      3.87 
  5.12      3.32 
  5.14      3.49 
  5.16      4.73 
  5.18      3.87 
  5.20      3.49 
  5.22      3.49 
  5.24      5.22 
  5.26      3.32 
  5.28      4.73 
  5.30      4.73 
  5.32      4.73 
  5.34      5.22 
  5.36      4.73 
  5.38      5.75 
  5.40      5.22 
  5.42      4.73 
  5.44      3.49 
  5.46      4.28 
  5.48      4.28 
  5.50      5.22 
  5.52      3.87 
  5.54      6.33 
  5.56      4.28 
  5.58      5.75 
  5.60      4.73 
  5.62      4.28 
  5.64      5.22 
  5.66      4.73 
  5.68      5.75 
  5.70      4.28 
  5.72      4.73 
  5.74      5.75 
  5.76      3.49 
  5.78      5.75 
  5.80      5.22 
  5.82      4.28 
  5.84      5.22 
  5.86      6.33 
  5.88      6.95 
  5.90      4.28 
  5.92      5.75 
  5.94      5.22 
  5.96      5.75 
  5.98      5.75 
  6.00      6.95 
  6.02      3.87 
  6.04      6.33 
  6.06      5.22 
  6.08      7.61 
  6.10      6.95 
  6.12      6.33 
  6.14      5.75 
  6.16      6.33 
  6.18      6.33 
  6.20      5.75 
  6.22      4.73 
  6.24      5.22 
  6.26      4.73 
  6.28      5.75 
  6.30      6.33 
  6.32      5.22 
  6.34      6.33 
  6.36      5.22 
  6.38      9.08 
  6.40      5.75 
  6.60      8.33 
  6.80      5.22 
  7.00      5.75 
  7.20      6.33 
  7.40      6.33 
  7.60      5.22 
  7.80      6.95 
  8.00      5.75 
  8.20      9.08 
  8.40      6.33 
  8.60      8.33 
  8.80      6.33 
  9.00      7.61 
  9.20      6.33 
  9.40      6.33 
  9.60      6.95 
  9.80      5.75 
 10.00      8.33 
 10.20      4.73 
 10.40      5.75 
 10.60      4.73 
 10.80      4.73 
 11.00      4.73 
 11.20      3.49 
 11.40      3.32 
 11.60      3.87 
 11.80      3.32 
 12.00      2.97 
 12.20      3.14 
 12.40      2.97 
 12.60      2.97 
 12.80      2.97 
 13.00      2.45 
 13.20      2.45 
 13.40      2.45 
 13.60      2.45 
 13.80      1.75 
 14.00      1.92 
 14.20      1.92 
 14.40      1.92 
 14.60      1.57 
 14.80      1.75 
 15.00      1.40 
 15.20      1.57 
 15.40      1.57 
 15.60      1.40 
 15.80      1.75 
 16.00      1.40 
 16.20      1.22 
 16.40      1.57 
 16.60      1.22 
 16.80      1.40 
 17.00      1.57 
 17.20      1.40 
 17.40      1.22 
 17.60      1.40 
 17.80      0.70 
 18.00      1.22 
 18.20      0.87 
 18.40      0.87 
 18.60      1.05 
 18.80      0.87 
 19.00      0.87 
 19.20      0.70 
 19.40      0.70 
 19.60      0.35 
 19.80      0.70 
 20.00      0.70 
 20.20      0.17 
 20.40      1.05 
 20.60      0.17 
 20.80      0.52 
 21.00      0.17 
 21.20      0.17 
 21.40      0.35 
 21.60      0.52 
 21.80      0.35 
 22.00      0.17 
 22.20      0.35 
 22.40      0.35 
 22.60      0.17 
 22.80      0.17 
 23.00     -0.17 
 23.20      0.17 
 23.40     -0.17 
 23.60      0.00 
 23.80     -0.17 
 24.00     -0.17 
 24.20     -0.17 
 24.40     -0.17 
 24.60      0.00 
 24.80     -0.35 
 25.00      0.00 
 25.20     -0.70 
 25.40     -0.17 
 25.60     -0.17 
 25.80     -0.70 
 26.00     -0.17 
 26.20     -0.52 
 26.40     -0.17 
 26.60     -0.17 
 26.80     -0.52 
 27.00     -0.52 
 27.20     -0.17 
 27.40     -0.35 
 27.60     -0.70 
 27.80     -0.35 
 28.00     -0.52 
 28.20     -0.35 
 28.40     -0.35 
 28.60     -0.87 
 28.80     -0.52 
 29.00     -0.70 
 29.20     -0.52 
 29.40     -0.70 
 29.60     -0.87 
 29.80     -0.52 
 30.00     -0.70 
 30.20     -0.70 
 30.40     -0.70 
 30.60     -0.87 
 30.80     -1.05 
 31.00     -0.70 
 31.20     -0.52 
 31.40     -0.87 
 31.60     -0.52 
 31.80     -0.70 
 32.00     -0.70 
 32.20     -0.70 
 32.40     -0.70 
 32.60     -0.52 
 32.80     -0.70 
 33.00     -0.52 
 33.20     -0.70 
 33.40     -0.87 
 33.60     -0.70 
 33.80     -0.70 
 34.00     -0.70 
 34.20     -0.87 
 34.40     -0.87 
 34.60     -0.87 
 34.80     -0.87 
 35.00     -0.52 
 35.20     -1.40 
 35.40     -0.87 
 35.60     -1.05 
 35.80     -1.05 
 36.00     -0.87 
 36.20     -1.05 
 36.40     -1.22 
 36.60     -1.22 
 36.80     -1.05 
 37.00     -1.05 
 37.20     -1.22 
 37.40     -1.22 
 37.60     -0.87 
 37.80     -1.22 
 38.00     -1.05 
 38.20     -1.05 
 38.40     -1.05 
 38.60     -1.05 
 38.80     -0.87 
 39.00     -1.05 
 39.20     -1.05 
 39.40     -1.05 
 39.60     -0.87 
 39.80     -0.87 
 40.00     -1.05 
 40.20     -0.87 
 40.40     -1.05 
 40.60     -0.87 
 40.80     -0.87 
 41.00     -1.22 
 41.20     -0.87 
 41.40     -0.87 
 41.60     -1.05 
 41.80     -1.22 
 42.00     -0.87 
 42.20     -1.05 
 42.40     -1.05 
 42.60     -0.87 
 42.80     -1.40 
 43.00     -1.05 
 43.20     -1.22 
 43.40     -1.22 
 43.60     -0.87 
 43.80     -1.22 
