  0.00     -0.17 
  0.02     -0.52 
  0.04      0.00 
  0.06     -0.35 
  0.08      0.00 
  0.10      0.35 
  0.12      0.00 
  0.14      2.97 
  0.16      0.35 
  0.18      0.87 
  0.20      0.70 
  0.22      0.70 
  0.24      1.05 
  0.26      0.87 
  0.28      1.05 
  0.30      0.52 
  0.32      0.35 
  0.34      0.70 
  0.36      1.05 
  0.38      0.87 
  0.40      0.70 
  0.42      0.35 
  0.44      0.70 
  0.46      0.87 
  0.48      1.40 
  0.50      1.22 
  0.52      0.52 
  0.54      1.05 
  0.56      0.70 
  0.58      1.05 
  0.60      0.87 
  0.62      0.52 
  0.64      0.87 
  0.66      0.87 
  0.68      0.87 
  0.70      1.22 
  0.72      0.70 
  0.74      1.57 
  0.76      0.52 
  0.78      1.40 
  0.80      1.22 
  0.82      0.35 
  0.84      1.40 
  0.86      0.87 
  0.88      1.40 
  0.90      0.87 
  0.92      1.40 
  0.94      1.05 
  0.96      1.22 
  0.98      1.22 
  1.00      1.57 
  1.02      1.05 
  1.04      1.92 
  1.06      1.40 
  1.08      1.57 
  1.10      1.40 
  1.12      1.05 
  1.14      1.57 
  1.16      1.40 
  1.18      1.57 
  1.20      1.22 
  1.22      1.05 
  1.24      1.40 
  1.26      1.22 
  1.28      1.57 
  1.30      1.40 
  1.32      1.05 
  1.34      1.57 
  1.36      1.05 
  1.38      1.57 
  1.40      1.75 
  1.42      1.75 
  1.44      1.40 
  1.46      1.57 
  1.48      1.57 
  1.50      1.40 
  1.52      1.05 
  1.54      1.75 
  1.56      1.05 
  1.58      1.57 
  1.60      1.57 
  1.62      1.40 
  1.64      1.57 
  1.66      1.57 
  1.68      2.10 
  1.70      1.92 
  1.72      1.05 
  1.74      1.92 
  1.76      1.57 
  1.78      2.10 
  1.80      2.10 
  1.82      1.92 
  1.84      2.10 
  1.86      1.92 
  1.88      2.45 
  1.90      1.57 
  1.92      2.10 
  1.94      1.92 
  1.96      1.75 
  1.98      2.10 
  2.00      1.92 
  2.02      2.10 
  2.04      2.45 
  2.06      2.10 
  2.08      2.27 
  2.10      1.75 
  2.12      1.92 
  2.14      2.10 
  2.16      2.27 
  2.18      2.10 
  2.20      1.75 
  2.22      1.40 
  2.24      2.10 
  2.26      2.45 
  2.28      2.45 
  2.30      2.10 
  2.32      1.40 
  2.34      2.45 
  2.36      1.75 
  2.38      2.27 
  2.40      2.45 
  2.42      2.62 
  2.44      3.14 
  2.46      2.45 
  2.48      2.79 
  2.50      2.27 
  2.52      2.45 
  2.54      2.62 
  2.56      2.10 
  2.58      2.10 
  2.60      2.27 
  2.62      2.27 
  2.64      2.27 
  2.66      2.62 
  2.68      2.45 
  2.70      2.27 
  2.72      1.92 
  2.74      2.62 
  2.76      2.62 
  2.78      2.27 
  2.80      2.79 
  2.82      2.27 
  2.84      2.62 
  2.86      2.45 
  2.88      2.97 
  2.90      2.45 
  2.92      2.79 
  2.94      2.45 
  2.96      2.45 
  2.98      2.10 
  3.00      2.45 
  3.02      1.92 
  3.04      2.79 
  3.06      2.45 
  3.08      2.79 
  3.10      2.79 
  3.12      2.79 
  3.14      2.62 
  3.16      2.97 
  3.18      2.79 
  3.20      2.79 
  3.22      2.27 
  3.24      2.79 
  3.26      2.27 
  3.28      2.79 
  3.30      3.14 
  3.32      3.14 
  3.34      3.32 
  3.36      3.49 
  3.38      3.49 
  3.40      2.62 
  3.42      2.27 
  3.44      2.79 
  3.46      2.62 
  3.48      2.27 
  3.50      2.97 
  3.52      2.62 
  3.54      3.32 
  3.56      2.62 
  3.58      3.32 
  3.60      2.97 
  3.62      2.97 
  3.64      3.14 
  3.66      3.32 
  3.68      3.14 
  3.70      2.45 
  3.72      2.62 
  3.74      2.97 
  3.76      3.14 
  3.78      3.49 
  3.80      3.32 
  3.82      3.14 
  3.84      3.14 
  3.86      4.28 
  3.88      3.32 
  3.90      2.97 
  3.92      2.79 
  3.94      3.49 
  3.96      2.97 
  3.98      3.14 
  4.00      3.32 
  4.02      2.97 
  4.04      2.97 
  4.06      3.32 
  4.08      3.87 
  4.10      3.32 
  4.12      3.14 
  4.14      3.87 
  4.16      3.49 
  4.18      3.14 
  4.20      3.32 
  4.22      2.97 
  4.24      3.49 
  4.26      3.14 
  4.28      3.87 
  4.30      3.49 
  4.32      3.49 
  4.34      3.49 
  4.36      3.87 
  4.38      3.87 
  4.40      3.49 
  4.42      2.97 
  4.44      3.87 
  4.46      3.49 
  4.48      5.22 
  4.50      3.87 
  4.52      3.49 
  4.54      3.87 
  4.56      4.28 
  4.58      3.32 
  4.60      3.49 
  4.62      3.49 
  4.64      3.32 
  4.66      3.14 
  4.68      3.49 
  4.70      3.87 
  4.72      3.32 
  4.74      3.32 
  4.76      3.49 
  4.78      4.28 
  4.80      3.32 
  4.82      3.32 
  4.84      3.49 
  4.86      3.87 
  4.88      3.32 
  4.90      4.73 
  4.92      3.87 
  4.94      4.73 
  4.96      3.87 
  4.98      4.73 
  5.00      3.87 
  5.02      4.73 
  5.04      4.28 
  5.06      4.73 
  5.08      4.28 
  5.10      4.28 
  5.12      2.97 
  5.14      4.28 
  5.16      3.49 
  5.18      5.75 
  5.20      4.73 
  5.22      4.73 
  5.24      5.22 
  5.26      4.28 
  5.28      5.75 
  5.30      3.49 
  5.32      3.14 
  5.34      4.28 
  5.36      3.87 
  5.38      3.87 
  5.40      3.49 
  5.42      2.97 
  5.44      4.28 
  5.46      3.32 
  5.48      4.28 
  5.50      3.32 
  5.52      4.28 
  5.54      3.87 
  5.56      4.28 
  5.58      3.49 
  5.60      3.49 
  5.62      2.97 
  5.64      3.49 
  5.66      3.49 
  5.68      3.87 
  5.70      3.87 
  5.72      4.73 
  5.74      3.14 
  5.76      3.87 
  5.78      3.87 
  5.80      3.87 
  5.82      3.32 
  5.84      4.28 
  5.86      3.49 
  5.88      3.32 
  5.90      3.49 
  5.92      4.28 
  5.94      4.28 
  5.96      4.73 
  5.98      3.49 
  6.00      3.49 
  6.02      3.32 
  6.04      4.28 
  6.06      3.14 
  6.08      4.28 
  6.10      3.49 
  6.12      3.87 
  6.14      5.75 
  6.16      5.75 
  6.18      5.22 
  6.20      3.87 
  6.22      4.28 
  6.24      3.87 
  6.26      3.49 
  6.28      3.87 
  6.30      4.73 
  6.32      3.87 
  6.34      3.87 
  6.36      3.14 
  6.38      5.22 
  6.40      3.14 
  6.60      3.87 
  6.80      3.14 
  7.00      3.32 
  7.20      2.97 
  7.40      2.79 
  7.60      2.79 
  7.80      2.62 
  8.00      2.62 
  8.20      2.45 
  8.40      1.92 
  8.60      2.10 
  8.80      1.92 
  9.00      2.27 
  9.20      1.75 
  9.40      1.75 
  9.60      1.75 
  9.80      1.40 
 10.00      1.57 
 10.20      1.40 
 10.40      1.22 
 10.60      1.05 
 10.80      1.22 
 11.00      1.40 
 11.20      0.70 
 11.40      0.87 
 11.60      1.05 
 11.80      0.70 
 12.00      0.87 
 12.20      0.87 
 12.40      0.52 
 12.60      0.52 
 12.80      0.52 
 13.00      0.35 
 13.20      0.70 
 13.40      0.00 
 13.60      0.35 
 13.80      0.35 
 14.00      0.17 
 14.20      0.35 
 14.40      0.17 
 14.60      0.17 
 14.80      0.17 
 15.00      0.17 
 15.20      0.35 
 15.40      0.35 
 15.60      0.17 
 15.80      0.00 
 16.00      0.35 
 16.20      0.17 
 16.40      0.35 
 16.60      0.00 
 16.80      0.00 
 17.00      0.17 
 17.20     -0.17 
 17.40      0.00 
 17.60      0.00 
 17.80     -0.17 
 18.00     -0.17 
 18.20     -0.17 
 18.40      0.17 
 18.60     -0.35 
 18.80      0.00 
 19.00     -0.35 
 19.20     -0.17 
 19.40      0.00 
 19.60     -0.35 
 19.80      0.00 
 20.00     -0.17 
 20.20     -0.17 
 20.40     -0.35 
 20.60     -0.35 
 20.80     -0.17 
 21.00     -0.17 
 21.20     -0.35 
 21.40     -0.35 
 21.60     -0.17 
 21.80     -0.35 
 22.00      0.00 
 22.20     -0.35 
 22.40     -0.35 
 22.60      0.00 
 22.80     -0.35 
 23.00     -0.52 
 23.20     -0.52 
 23.40     -0.52 
 23.60     -0.35 
 23.80     -0.52 
 24.00     -0.35 
 24.20     -0.70 
 24.40     -0.52 
 24.60     -0.35 
 24.80     -0.87 
 25.00     -0.17 
 25.20     -0.70 
 25.40     -0.35 
 25.60     -0.70 
 25.80     -0.70 
 26.00     -0.87 
 26.20     -0.35 
 26.40     -0.35 
 26.60     -0.52 
 26.80     -0.52 
 27.00     -0.70 
 27.20     -0.35 
 27.40     -0.52 
 27.60     -0.70 
 27.80     -0.52 
 28.00     -0.87 
 28.20     -0.70 
 28.40     -0.52 
 28.60     -0.70 
 28.80     -0.70 
 29.00     -0.70 
 29.20     -0.52 
 29.40     -0.52 
 29.60     -0.52 
 29.80     -0.52 
 30.00     -0.87 
 30.20     -0.17 
 30.40     -0.70 
 30.60     -0.52 
 30.80     -0.52 
 31.00     -0.70 
 31.20     -0.35 
 31.40     -0.70 
 31.60     -0.52 
 31.80     -0.70 
 32.00     -0.35 
 32.20     -0.70 
 32.40     -0.52 
 32.60     -0.52 
 32.80     -0.52 
 33.00     -0.52 
 33.20     -0.70 
 33.40     -0.52 
 33.60     -0.70 
 33.80     -0.70 
 34.00     -0.87 
 34.20     -0.70 
 34.40     -0.70 
 34.60     -1.05 
 34.80     -1.05 
 35.00     -0.70 
 35.20     -0.87 
 35.40     -0.70 
 35.60     -1.05 
 35.80     -0.87 
 36.00     -0.87 
 36.20     -0.87 
 36.40     -0.70 
 36.60     -0.87 
 36.80     -0.87 
 37.00     -0.70 
 37.20     -0.70 
 37.40     -1.05 
 37.60     -0.87 
 37.80     -0.70 
 38.00     -0.70 
 38.20     -0.70 
 38.40     -0.70 
 38.60     -0.70 
 38.80     -0.52 
 39.00     -0.87 
 39.20     -0.52 
 39.40     -0.87 
 39.60     -0.70 
 39.80     -0.70 
 40.00     -0.70 
 40.20     -0.87 
 40.40     -0.70 
 40.60     -0.70 
 40.80     -0.87 
 41.00     -0.70 
 41.20     -0.87 
 41.40     -0.70 
 41.60     -0.70 
 41.80     -0.87 
 42.00     -0.70 
 42.20     -0.70 
 42.40     -0.87 
 42.60     -0.70 
 42.80     -0.87 
 43.00     -0.52 
 43.20     -0.17 
 43.40     -0.17 
 43.60     -0.17 
 43.80      0.00 
